0,0
1,3.30554e-15
1.01,3.37198e-15
1.0201,3.43976e-15
1.0303,3.5089e-15
1.0406,3.57943e-15
1.05101,3.65138e-15
1.06152,3.72477e-15
1.07214,3.79964e-15
1.08286,3.87601e-15
1.09369,3.95392e-15
1.10462,4.03339e-15
1.11567,4.11446e-15
1.12683,4.19716e-15
1.13809,4.28153e-15
1.14947,4.36758e-15
1.16097,4.45537e-15
1.17258,4.54493e-15
1.1843,4.63628e-15
1.19615,4.72947e-15
1.20811,4.82453e-15
1.22019,4.9215e-15
1.23239,5.02043e-15
1.24472,5.12134e-15
1.25716,5.22428e-15
1.26973,5.32928e-15
1.28243,5.4364e-15
1.29526,5.54567e-15
1.30821,5.65714e-15
1.32129,5.77085e-15
1.3345,5.88684e-15
1.34785,6.00517e-15
1.36133,6.12587e-15
1.37494,6.249e-15
1.38869,6.37461e-15
1.40258,6.50274e-15
1.4166,6.63344e-15
1.43077,6.76678e-15
1.44508,6.90279e-15
1.45953,7.04153e-15
1.47412,7.18307e-15
1.48886,7.32745e-15
1.50375,7.47473e-15
1.51879,7.62497e-15
1.53398,7.77823e-15
1.54932,7.93458e-15
1.56481,8.09406e-15
1.58046,8.25675e-15
1.59626,8.42271e-15
1.61223,8.59201e-15
1.62835,8.76471e-15
1.64463,8.94088e-15
1.66108,9.12059e-15
1.67769,9.30391e-15
1.69447,9.49092e-15
1.71141,9.68169e-15
1.72852,9.87629e-15
1.74581,1.00748e-14
1.76327,1.02773e-14
1.7809,1.04839e-14
1.79871,1.06946e-14
1.8167,1.09096e-14
1.83486,1.11289e-14
1.85321,1.13525e-14
1.87174,1.15807e-14
1.89046,1.18135e-14
1.90937,1.2051e-14
1.92846,1.22932e-14
1.94774,1.25403e-14
1.96722,1.27923e-14
1.98689,1.30495e-14
2.00676,1.33118e-14
2.02683,1.35793e-14
2.0471,1.38523e-14
2.06757,1.41307e-14
2.08825,1.44147e-14
2.10913,1.47045e-14
2.13022,1.5e-14
2.15152,1.53015e-14
2.17304,1.56091e-14
2.19477,1.59228e-14
2.21672,1.62429e-14
2.23888,1.65693e-14
2.26127,1.69024e-14
2.28388,1.72421e-14
2.30672,1.75887e-14
2.32979,1.79422e-14
2.35309,1.83029e-14
2.37662,1.86708e-14
2.40038,1.9046e-14
2.42439,1.94289e-14
2.44863,1.98194e-14
2.47312,2.02178e-14
2.49785,2.06241e-14
2.52283,2.10387e-14
2.54806,2.14616e-14
2.57354,2.18929e-14
2.59927,2.2333e-14
2.62527,2.27819e-14
2.65152,2.32398e-14
2.67803,2.37069e-14
2.70481,2.41834e-14
2.73186,2.46695e-14
2.75918,2.51654e-14
2.78677,2.56712e-14
2.81464,2.61872e-14
2.84279,2.67135e-14
2.87121,2.72505e-14
2.89993,2.77982e-14
2.92893,2.8357e-14
2.95822,2.89269e-14
2.9878,2.95084e-14
3.01768,3.01015e-14
3.04785,3.07065e-14
3.07833,3.13237e-14
3.10911,3.19533e-14
3.1402,3.25956e-14
3.17161,3.32508e-14
3.20332,3.39191e-14
3.23536,3.46009e-14
3.26771,3.52964e-14
3.30039,3.60058e-14
3.33339,3.67295e-14
3.36672,3.74678e-14
3.40039,3.82209e-14
3.4344,3.89891e-14
3.46874,3.97728e-14
3.50343,4.05722e-14
3.53846,4.13877e-14
3.57385,4.22196e-14
3.60958,4.30683e-14
3.64568,4.39339e-14
3.68214,4.4817e-14
3.71896,4.57178e-14
3.75615,4.66367e-14
3.79371,4.75741e-14
3.83165,4.85304e-14
3.86996,4.95058e-14
3.90866,5.05009e-14
3.94775,5.1516e-14
3.98723,5.25515e-14
4.0271,5.36077e-14
4.06737,5.46853e-14
4.10804,5.57844e-14
4.14912,5.69057e-14
4.19062,5.80495e-14
4.23252,5.92163e-14
4.27485,6.04065e-14
4.3176,6.16207e-14
4.36077,6.28593e-14
4.40438,6.41228e-14
4.44842,6.54116e-14
4.49291,6.67264e-14
4.53784,6.80676e-14
4.58321,6.94358e-14
4.62905,7.08314e-14
4.67534,7.22551e-14
4.72209,7.37075e-14
4.76931,7.5189e-14
4.817,7.67003e-14
4.86517,7.8242e-14
4.91383,7.98146e-14
4.96296,8.14189e-14
5.01259,8.30554e-14
5.06272,8.47248e-14
5.11335,8.64278e-14
5.16448,8.8165e-14
5.21613,8.99371e-14
5.26829,9.17448e-14
5.32097,9.35889e-14
5.37418,9.54701e-14
5.42792,9.7389e-14
5.4822,9.93465e-14
5.53702,1.01343e-13
5.59239,1.0338e-13
5.64832,1.05458e-13
5.7048,1.07578e-13
5.76185,1.0974e-13
5.81947,1.11946e-13
5.87766,1.14196e-13
5.93644,1.16492e-13
5.9958,1.18833e-13
6.05576,1.21222e-13
6.11632,1.23658e-13
6.17748,1.26144e-13
6.23926,1.28679e-13
6.30165,1.31266e-13
6.36466,1.33904e-13
6.42831,1.36596e-13
6.49259,1.39341e-13
6.55752,1.42142e-13
6.6231,1.44999e-13
6.68933,1.47913e-13
6.75622,1.50886e-13
6.82378,1.53919e-13
6.89202,1.57013e-13
6.96094,1.60169e-13
7.03055,1.63388e-13
7.10085,1.66673e-13
7.17186,1.70023e-13
7.24358,1.7344e-13
7.31602,1.76926e-13
7.38918,1.80483e-13
7.46307,1.8411e-13
7.5377,1.87811e-13
7.61308,1.91586e-13
7.68921,1.95437e-13
7.7661,1.99365e-13
7.84376,2.03372e-13
7.9222,2.0746e-13
8.00142,2.1163e-13
8.08144,2.15884e-13
8.16225,2.20223e-13
8.24387,2.24649e-13
8.32631,2.29165e-13
8.40957,2.33771e-13
8.49367,2.3847e-13
8.57861,2.43263e-13
8.66439,2.48153e-13
8.75104,2.53141e-13
8.83855,2.58229e-13
8.92693,2.63419e-13
9.0162,2.68714e-13
9.10636,2.74115e-13
9.19743,2.79625e-13
9.2894,2.85245e-13
9.3823,2.90979e-13
9.47612,2.96827e-13
9.57088,3.02793e-13
9.66659,3.0888e-13
9.76325,3.15088e-13
9.86089,3.21421e-13
9.9595,3.27882e-13
10.0591,3.34472e-13
10.1597,3.41195e-13
10.2613,3.48053e-13
10.3639,3.55049e-13
10.4675,3.62186e-13
10.5722,3.69466e-13
10.6779,3.76892e-13
10.7847,3.84467e-13
10.8926,3.92195e-13
11.0015,4.00078e-13
11.1115,4.0812e-13
11.2226,4.16323e-13
11.3348,4.24691e-13
11.4482,4.33227e-13
11.5627,4.41935e-13
11.6783,4.50818e-13
11.7951,4.5988e-13
11.913,4.69123e-13
12.0322,4.78553e-13
12.1525,4.88172e-13
12.274,4.97984e-13
12.3967,5.07993e-13
12.5207,5.18204e-13
12.6459,5.2862e-13
12.7724,5.39245e-13
12.9001,5.50084e-13
13.0291,5.61141e-13
13.1594,5.7242e-13
13.291,5.83925e-13
13.4239,5.95662e-13
13.5581,6.07635e-13
13.6937,6.19848e-13
13.8307,6.32307e-13
13.969,6.45017e-13
14.1086,6.57982e-13
14.2497,6.71207e-13
14.3922,6.84698e-13
14.5362,6.98461e-13
14.6815,7.125e-13
14.8283,7.26821e-13
14.9766,7.4143e-13
15.1264,7.56333e-13
15.2776,7.71535e-13
15.4304,7.87043e-13
15.5847,8.02862e-13
15.7406,8.19e-13
15.898,8.35462e-13
16.057,8.52255e-13
16.2175,8.69385e-13
16.3797,8.8686e-13
16.5435,9.04686e-13
16.7089,9.2287e-13
16.876,9.41419e-13
17.0448,9.60342e-13
17.2152,9.79645e-13
17.3874,9.99336e-13
17.5613,1.01942e-12
17.7369,1.03991e-12
17.9142,1.06081e-12
18.0934,1.08214e-12
18.2743,1.10389e-12
18.4571,1.12608e-12
18.6416,1.14871e-12
18.828,1.1718e-12
19.0163,1.19535e-12
19.2065,1.21938e-12
19.3986,1.24389e-12
19.5925,1.26889e-12
19.7885,1.2944e-12
19.9864,1.32041e-12
20.1862,1.34695e-12
20.3881,1.37403e-12
20.592,1.40165e-12
20.7979,1.42982e-12
21.0059,1.45856e-12
21.2159,1.48787e-12
21.4281,1.51778e-12
21.6424,1.54829e-12
21.8588,1.57941e-12
22.0774,1.61116e-12
22.2981,1.64354e-12
22.5211,1.67657e-12
22.7463,1.71027e-12
22.9738,1.74465e-12
23.2035,1.77972e-12
23.4356,1.81549e-12
23.6699,1.85198e-12
23.9066,1.88921e-12
24.1457,1.92718e-12
24.3871,1.96592e-12
24.631,2.00543e-12
24.8773,2.04574e-12
25.1261,2.08686e-12
25.3774,2.1288e-12
25.6311,2.17159e-12
25.8874,2.21524e-12
26.1463,2.25977e-12
26.4078,2.30519e-12
26.6719,2.35152e-12
26.9386,2.39879e-12
27.208,2.44701e-12
27.48,2.49619e-12
27.7548,2.54636e-12
28.0324,2.59755e-12
28.3127,2.64976e-12
28.5958,2.70302e-12
28.8818,2.75735e-12
29.1706,2.81277e-12
29.4623,2.86931e-12
29.757,2.92698e-12
30.0545,2.98581e-12
30.3551,3.04583e-12
30.6586,3.10705e-12
30.9652,3.1695e-12
31.2749,3.23321e-12
31.5876,3.29819e-12
31.9035,3.36449e-12
32.2225,3.43211e-12
32.5447,3.5011e-12
32.8702,3.57147e-12
33.1989,3.64326e-12
33.5309,3.71649e-12
33.8662,3.79119e-12
34.2049,3.86739e-12
34.5469,3.94513e-12
34.8924,4.02442e-12
35.2413,4.10531e-12
35.5937,4.18783e-12
35.9496,4.27201e-12
36.3091,4.35787e-12
36.6722,4.44547e-12
37.039,4.53482e-12
37.4093,4.62597e-12
37.7834,4.71895e-12
38.1613,4.8138e-12
38.5429,4.91056e-12
38.9283,5.00926e-12
39.3176,5.10995e-12
39.7108,5.21266e-12
40.1079,5.31743e-12
40.509,5.42432e-12
40.914,5.53334e-12
41.3232,5.64456e-12
41.7364,5.75802e-12
42.1538,5.87376e-12
42.5753,5.99182e-12
43.0011,6.11225e-12
43.4311,6.23511e-12
43.8654,6.36044e-12
44.304,6.48828e-12
44.7471,6.6187e-12
45.1946,6.75173e-12
45.6465,6.88744e-12
46.103,7.02588e-12
46.564,7.1671e-12
47.0296,7.31116e-12
47.4999,7.45811e-12
47.9749,7.60802e-12
48.4547,7.76094e-12
48.9392,7.91694e-12
49.4286,8.07607e-12
49.9229,8.2384e-12
50.4221,8.40399e-12
50.9264,8.57291e-12
51.4356,8.74522e-12
51.95,8.921e-12
52.4695,9.10031e-12
52.9942,9.28323e-12
53.5241,9.46982e-12
54.0594,9.66017e-12
54.6,9.85434e-12
55.146,1.00524e-11
55.6974,1.02545e-11
56.2544,1.04606e-11
56.8169,1.06708e-11
57.3851,1.08853e-11
57.9589,1.11041e-11
58.5385,1.13273e-11
59.1239,1.1555e-11
59.7152,1.17872e-11
60.3123,1.20242e-11
60.9154,1.22658e-11
61.5246,1.25124e-11
62.1398,1.27639e-11
62.7612,1.30204e-11
63.3888,1.32822e-11
64.0227,1.35491e-11
64.663,1.38215e-11
65.3096,1.40993e-11
65.9627,1.43827e-11
66.6223,1.46718e-11
67.2885,1.49667e-11
67.9614,1.52675e-11
68.641,1.55744e-11
69.3275,1.58874e-11
70.0207,1.62068e-11
70.7209,1.65325e-11
71.4281,1.68648e-11
72.1424,1.72038e-11
72.8638,1.75496e-11
73.5925,1.79023e-11
74.3284,1.82622e-11
75.0717,1.86292e-11
75.8224,1.90037e-11
76.5806,1.93857e-11
77.3464,1.97753e-11
78.1199,2.01728e-11
78.9011,2.05783e-11
79.6901,2.09919e-11
80.487,2.14138e-11
81.2919,2.18443e-11
82.1048,2.22833e-11
82.9259,2.27312e-11
83.7551,2.31881e-11
84.5927,2.36542e-11
85.4386,2.41296e-11
86.293,2.46147e-11
87.1559,2.51094e-11
88.0275,2.56141e-11
88.9077,2.6129e-11
89.7968,2.66541e-11
90.6948,2.71899e-11
91.6017,2.77364e-11
92.5178,2.82939e-11
93.4429,2.88626e-11
94.3774,2.94428e-11
95.3211,3.00346e-11
96.2743,3.06383e-11
97.2371,3.12541e-11
98.2095,3.18823e-11
99.1916,3.25231e-11
100.183,3.31768e-11
101.185,3.38437e-11
102.197,3.45239e-11
103.219,3.52179e-11
104.251,3.59258e-11
105.294,3.66479e-11
106.347,3.73845e-11
107.41,3.81359e-11
108.484,3.89024e-11
109.569,3.96844e-11
110.665,4.0482e-11
111.772,4.12957e-11
112.889,4.21258e-11
114.018,4.29725e-11
115.158,4.38363e-11
116.31,4.47174e-11
117.473,4.56162e-11
118.648,4.65331e-11
119.834,4.74684e-11
121.033,4.84225e-11
122.243,4.93958e-11
123.465,5.03886e-11
124.7,5.14015e-11
125.947,5.24346e-11
127.206,5.34886e-11
128.478,5.45637e-11
129.763,5.56604e-11
131.061,5.67792e-11
132.372,5.79204e-11
133.695,5.90846e-11
135.032,6.02722e-11
136.383,6.14837e-11
137.746,6.27195e-11
139.124,6.39802e-11
140.515,6.52662e-11
141.92,6.65781e-11
143.339,6.79163e-11
144.773,6.92814e-11
146.221,7.0674e-11
147.683,7.20945e-11
149.16,7.35436e-11
150.651,7.50218e-11
152.158,7.65298e-11
153.679,7.8068e-11
155.216,7.96372e-11
156.768,8.12379e-11
158.336,8.28708e-11
159.919,8.45365e-11
161.518,8.62357e-11
163.134,8.7969e-11
164.765,8.97372e-11
166.413,9.15409e-11
168.077,9.33809e-11
169.757,9.52578e-11
171.455,9.71725e-11
173.17,9.91257e-11
174.901,1.01118e-10
176.65,1.03151e-10
178.417,1.05224e-10
180.201,1.07339e-10
182.003,1.09496e-10
183.823,1.11697e-10
185.661,1.13942e-10
187.518,1.16233e-10
189.393,1.18569e-10
191.287,1.20952e-10
193.2,1.23383e-10
195.132,1.25863e-10
197.083,1.28393e-10
199.054,1.30974e-10
201.045,1.33606e-10
203.055,1.36292e-10
205.086,1.39031e-10
207.136,1.41826e-10
209.208,1.44677e-10
211.3,1.47585e-10
213.413,1.50551e-10
215.547,1.53577e-10
217.702,1.56664e-10
219.879,1.59813e-10
222.078,1.63025e-10
224.299,1.66302e-10
226.542,1.69645e-10
228.807,1.73055e-10
231.095,1.76533e-10
233.406,1.80081e-10
235.741,1.83701e-10
238.098,1.87393e-10
240.479,1.9116e-10
242.884,1.95002e-10
245.313,1.98922e-10
247.766,2.0292e-10
250.243,2.06999e-10
252.746,2.11159e-10
255.273,2.15404e-10
257.826,2.19733e-10
260.404,2.2415e-10
263.008,2.28655e-10
265.638,2.33251e-10
268.295,2.3794e-10
270.978,2.42722e-10
273.687,2.47601e-10
276.424,2.52578e-10
279.189,2.57655e-10
281.98,2.62833e-10
284.8,2.68116e-10
287.648,2.73506e-10
290.525,2.79003e-10
293.43,2.84611e-10
296.364,2.90332e-10
299.328,2.96167e-10
302.321,3.0212e-10
305.344,3.08193e-10
308.398,3.14388e-10
311.482,3.20707e-10
314.597,3.27153e-10
317.743,3.33729e-10
320.92,3.40437e-10
324.129,3.4728e-10
327.37,3.5426e-10
330.644,3.6138e-10
333.951,3.68644e-10
337.29,3.76054e-10
340.663,3.83613e-10
344.07,3.91323e-10
347.51,3.99189e-10
350.985,4.07213e-10
354.495,4.15398e-10
358.04,4.23747e-10
361.621,4.32264e-10
365.237,4.40953e-10
368.889,4.49816e-10
372.578,4.58857e-10
376.304,4.6808e-10
380.067,4.77489e-10
383.868,4.87086e-10
387.706,4.96877e-10
391.583,5.06864e-10
395.499,5.17052e-10
399.454,5.27445e-10
403.449,5.38046e-10
407.483,5.48861e-10
411.558,5.59893e-10
415.674,5.71147e-10
419.83,5.82627e-10
424.029,5.94338e-10
428.269,6.06284e-10
432.552,6.1847e-10
436.877,6.30902e-10
441.246,6.43583e-10
445.658,6.56519e-10
450.115,6.69715e-10
454.616,6.83176e-10
459.162,6.96908e-10
463.754,7.10916e-10
468.391,7.25205e-10
473.075,7.39782e-10
477.806,7.54651e-10
482.584,7.6982e-10
487.41,7.85293e-10
492.284,8.01078e-10
497.207,8.17179e-10
502.179,8.33605e-10
507.201,8.5036e-10
512.273,8.67452e-10
517.396,8.84888e-10
522.57,9.02674e-10
527.795,9.20818e-10
533.073,9.39326e-10
538.404,9.58207e-10
543.788,9.77467e-10
549.226,9.97114e-10
554.718,1.01716e-09
560.265,1.0376e-09
565.868,1.05846e-09
571.527,1.07973e-09
577.242,1.10143e-09
583.014,1.12357e-09
588.844,1.14616e-09
594.733,1.16919e-09
600.68,1.1927e-09
606.687,1.21667e-09
612.754,1.24112e-09
618.881,1.26607e-09
625.07,1.29152e-09
631.321,1.31748e-09
637.634,1.34396e-09
644.011,1.37097e-09
650.451,1.39853e-09
656.955,1.42664e-09
663.525,1.45531e-09
670.16,1.48457e-09
676.862,1.51441e-09
683.63,1.54485e-09
690.466,1.5759e-09
697.371,1.60757e-09
704.345,1.63989e-09
711.388,1.67285e-09
718.502,1.70647e-09
725.687,1.74077e-09
732.944,1.77576e-09
740.273,1.81145e-09
747.676,1.84786e-09
755.153,1.88501e-09
762.705,1.92289e-09
770.332,1.96154e-09
778.035,2.00097e-09
785.815,2.04119e-09
793.673,2.08222e-09
801.61,2.12407e-09
809.626,2.16677e-09
817.722,2.21032e-09
825.9,2.25475e-09
834.159,2.30007e-09
842.5,2.3463e-09
850.925,2.39346e-09
859.435,2.44157e-09
868.029,2.49064e-09
876.709,2.5407e-09
885.476,2.59177e-09
894.331,2.64387e-09
903.274,2.69701e-09
912.307,2.75122e-09
921.43,2.80652e-09
930.644,2.86293e-09
939.951,2.92047e-09
949.35,2.97917e-09
958.844,3.03906e-09
968.432,3.10014e-09
978.117,3.16245e-09
987.898,3.22602e-09
997.777,3.29086e-09
1007.75,3.35701e-09
1017.83,3.42448e-09
1028.01,3.49332e-09
1038.29,3.56353e-09
1048.67,3.63516e-09
1059.16,3.70823e-09
1069.75,3.78276e-09
1080.45,3.85879e-09
1091.25,3.93636e-09
1102.17,4.01548e-09
1113.19,4.09619e-09
1124.32,4.17852e-09
1135.56,4.26251e-09
1146.92,4.34819e-09
1158.39,4.43558e-09
1169.97,4.52474e-09
1181.67,4.61569e-09
1193.49,4.70846e-09
1205.42,4.8031e-09
1217.48,4.89964e-09
1229.65,4.99813e-09
1241.95,5.09859e-09
1254.37,5.20107e-09
1266.91,5.30561e-09
1279.58,5.41226e-09
1292.38,5.52104e-09
1305.3,5.63202e-09
1318.35,5.74522e-09
1331.54,5.8607e-09
1344.85,5.9785e-09
1358.3,6.09867e-09
1371.88,6.22125e-09
1385.6,6.3463e-09
1399.46,6.47386e-09
1413.45,6.60398e-09
1427.59,6.73672e-09
1441.86,6.87213e-09
1456.28,7.01026e-09
1470.85,7.15117e-09
1485.55,7.2949e-09
1500.41,7.44153e-09
1515.41,7.59111e-09
1530.57,7.74369e-09
1545.87,7.89934e-09
1561.33,8.05811e-09
1576.95,8.22008e-09
1592.71,8.3853e-09
1608.64,8.55385e-09
1624.73,8.72578e-09
1640.98,8.90117e-09
1657.39,9.08008e-09
1673.96,9.26259e-09
1690.7,9.44877e-09
1707.61,9.63869e-09
1724.68,9.83243e-09
1741.93,1.00301e-08
1759.35,1.02317e-08
1776.94,1.04373e-08
1794.71,1.06471e-08
1812.66,1.08611e-08
1830.78,1.10794e-08
1849.09,1.13021e-08
1867.58,1.15293e-08
1886.26,1.1761e-08
1905.12,1.19974e-08
1924.17,1.22386e-08
1943.41,1.24846e-08
1962.85,1.27355e-08
1982.48,1.29915e-08
2002.3,1.32526e-08
2022.32,1.3519e-08
2042.55,1.37907e-08
2062.97,1.40679e-08
2083.6,1.43507e-08
2104.44,1.46391e-08
2125.48,1.49334e-08
2146.74,1.52336e-08
2168.21,1.55397e-08
2189.89,1.58521e-08
2211.79,1.61707e-08
2233.9,1.64958e-08
2256.24,1.68273e-08
2278.81,1.71655e-08
2301.59,1.75106e-08
2324.61,1.78625e-08
2347.86,1.82216e-08
2371.34,1.85878e-08
2395.05,1.89614e-08
2419,1.93426e-08
2443.19,1.97314e-08
2467.62,2.0128e-08
2492.3,2.05325e-08
2517.22,2.09452e-08
2542.39,2.13662e-08
2567.82,2.17957e-08
2593.49,2.22338e-08
2619.43,2.26807e-08
2645.62,2.31366e-08
2672.08,2.36016e-08
2698.8,2.4076e-08
2725.79,2.45599e-08
2753.05,2.50536e-08
2780.58,2.55572e-08
2808.38,2.60709e-08
2836.47,2.65949e-08
2864.83,2.71294e-08
2893.48,2.76747e-08
2922.41,2.8231e-08
2951.64,2.87985e-08
2981.15,2.93773e-08
3010.97,2.99678e-08
3041.08,3.05701e-08
3071.49,3.11846e-08
3102.2,3.18114e-08
3133.22,3.24508e-08
3164.56,3.31031e-08
3196.2,3.37684e-08
3228.16,3.44472e-08
3260.45,3.51396e-08
3293.05,3.58459e-08
3325.98,3.65664e-08
3359.24,3.73014e-08
3392.83,3.80511e-08
3426.76,3.8816e-08
3461.03,3.95962e-08
3495.64,4.0392e-08
3530.59,4.12039e-08
3565.9,4.20321e-08
3601.56,4.2877e-08
3637.58,4.37388e-08
3673.95,4.46179e-08
3710.69,4.55148e-08
3747.8,4.64296e-08
3785.28,4.73628e-08
3823.13,4.83148e-08
3861.36,4.9286e-08
3899.97,5.02766e-08
3938.97,5.12872e-08
3978.36,5.23181e-08
4018.15,5.33696e-08
4058.33,5.44424e-08
4098.91,5.55367e-08
4139.9,5.6653e-08
4181.3,5.77917e-08
4223.11,5.89533e-08
4265.34,6.01383e-08
4308,6.1347e-08
4351.08,6.25801e-08
4394.59,6.3838e-08
4438.53,6.51211e-08
4482.92,6.643e-08
4527.75,6.77653e-08
4573.03,6.91274e-08
4618.76,7.05168e-08
4664.94,7.19342e-08
4711.59,7.33801e-08
4758.71,7.4855e-08
4806.3,7.63596e-08
4854.36,7.78945e-08
4902.9,7.94601e-08
4951.93,8.10573e-08
5001.45,8.26865e-08
5051.46,8.43485e-08
5101.98,8.60439e-08
5153,8.77734e-08
5204.53,8.95377e-08
5256.57,9.13374e-08
5309.14,9.31732e-08
5362.23,9.5046e-08
5415.85,9.69565e-08
5470.01,9.89053e-08
5524.71,1.00893e-07
5579.96,1.02921e-07
5635.76,1.0499e-07
5692.12,1.071e-07
5749.04,1.09253e-07
5806.53,1.11449e-07
5864.59,1.13689e-07
5923.24,1.15974e-07
5982.47,1.18305e-07
6042.3,1.20683e-07
6102.72,1.23109e-07
6163.75,1.25583e-07
6225.38,1.28108e-07
6287.64,1.30683e-07
6350.51,1.33309e-07
6414.02,1.35989e-07
6478.16,1.38722e-07
6542.94,1.41511e-07
6608.37,1.44355e-07
6674.45,1.47256e-07
6741.2,1.50216e-07
6808.61,1.53236e-07
6876.7,1.56316e-07
6945.46,1.59458e-07
7014.92,1.62663e-07
7085.07,1.65932e-07
7155.92,1.69268e-07
7227.48,1.7267e-07
7299.75,1.7614e-07
7372.75,1.79681e-07
7446.48,1.83292e-07
7520.94,1.86977e-07
7596.15,1.90735e-07
7672.11,1.94569e-07
7748.83,1.98479e-07
7826.32,2.02469e-07
7904.59,2.06539e-07
7983.63,2.1069e-07
8063.47,2.14925e-07
8144.1,2.19245e-07
8225.54,2.23652e-07
8307.8,2.28147e-07
8390.88,2.32733e-07
8474.79,2.37411e-07
8559.53,2.42183e-07
8645.13,2.47051e-07
8731.58,2.52016e-07
8818.9,2.57082e-07
8907.09,2.62249e-07
8996.16,2.6752e-07
9086.12,2.72898e-07
9176.98,2.78383e-07
9268.75,2.83978e-07
9361.44,2.89686e-07
9455.05,2.95509e-07
9549.6,3.01449e-07
9645.1,3.07508e-07
9741.55,3.13689e-07
9838.96,3.19994e-07
9937.35,3.26426e-07
10036.7,3.32987e-07
10137.1,3.3968e-07
10238.5,3.46507e-07
10340.9,3.53472e-07
10444.3,3.60577e-07
10548.7,3.67825e-07
10654.2,3.75218e-07
10760.7,3.8276e-07
10868.3,3.90453e-07
10977,3.98301e-07
11086.8,4.06307e-07
11197.7,4.14474e-07
11309.6,4.22805e-07
11422.7,4.31303e-07
11537,4.39973e-07
11652.3,4.48816e-07
11768.9,4.57837e-07
11886.5,4.6704e-07
12005.4,4.76427e-07
12125.5,4.86003e-07
12246.7,4.95772e-07
12369.2,5.05737e-07
12492.9,5.15902e-07
12617.8,5.26272e-07
12744,5.3685e-07
12871.4,5.47641e-07
13000.1,5.58648e-07
13130.1,5.69877e-07
13261.4,5.81332e-07
13394.1,5.93016e-07
13528,6.04936e-07
13663.3,6.17095e-07
13799.9,6.29499e-07
13937.9,6.42152e-07
14077.3,6.55059e-07
14218.1,6.68226e-07
14360.2,6.81657e-07
14503.8,6.95358e-07
14648.9,7.09335e-07
14795.4,7.23593e-07
14943.3,7.38137e-07
15092.8,7.52974e-07
15243.7,7.68108e-07
15396.1,7.83547e-07
15550.1,7.99297e-07
15705.6,8.15362e-07
15862.6,8.31751e-07
16021.3,8.48469e-07
16181.5,8.65524e-07
16343.3,8.82921e-07
16506.7,9.00667e-07
16671.8,9.18771e-07
16838.5,9.37238e-07
17006.9,9.56077e-07
17177,9.75294e-07
17348.7,9.94897e-07
17522.2,1.01489e-06
17697.4,1.03529e-06
17874.4,1.0561e-06
18053.2,1.07733e-06
18233.7,1.09899e-06
18416,1.12108e-06
18600.2,1.14361e-06
18786.2,1.1666e-06
18974.1,1.19004e-06
19163.8,1.21396e-06
19355.4,1.23836e-06
19549,1.26326e-06
19744.5,1.28865e-06
19941.9,1.31455e-06
20141.3,1.34097e-06
20342.7,1.36792e-06
20546.2,1.39542e-06
20751.6,1.42347e-06
20959.2,1.45208e-06
21168.7,1.48127e-06
21380.4,1.51104e-06
21594.2,1.54141e-06
21810.2,1.57239e-06
22028.3,1.604e-06
22248.6,1.63624e-06
22471.1,1.66913e-06
22695.8,1.70268e-06
22922.7,1.7369e-06
23151.9,1.77181e-06
23383.5,1.80743e-06
23617.3,1.84376e-06
23853.5,1.88082e-06
24092,1.91862e-06
24332.9,1.95718e-06
24576.3,1.99652e-06
24822,2.03665e-06
25070.2,2.07759e-06
25320.9,2.11935e-06
25574.2,2.16195e-06
25829.9,2.2054e-06
26088.2,2.24973e-06
26349.1,2.29495e-06
26612.6,2.34108e-06
26878.7,2.38814e-06
27147.5,2.43614e-06
27419,2.4851e-06
27693.1,2.53505e-06
27970.1,2.58601e-06
28249.8,2.63799e-06
28532.3,2.69101e-06
28817.6,2.7451e-06
29105.8,2.80028e-06
29396.8,2.85656e-06
29690.8,2.91398e-06
29987.7,2.97255e-06
30287.6,3.0323e-06
30590.5,3.09325e-06
30896.4,3.15542e-06
31205.3,3.21885e-06
31517.4,3.28355e-06
31832.6,3.34954e-06
32150.9,3.41687e-06
32472.4,3.48555e-06
32797.1,3.55561e-06
33125.1,3.62708e-06
33456.3,3.69998e-06
33790.9,3.77435e-06
34128.8,3.85022e-06
34470.1,3.9276e-06
34814.8,4.00655e-06
35162.9,4.08708e-06
35514.6,4.16923e-06
35869.7,4.25303e-06
36228.4,4.33852e-06
36590.7,4.42572e-06
36956.6,4.51468e-06
37326.2,4.60543e-06
37699.4,4.69799e-06
38076.4,4.79242e-06
38457.2,4.88875e-06
38841.8,4.98702e-06
39230.2,5.08725e-06
39622.5,5.18951e-06
40018.7,5.29382e-06
40418.9,5.40022e-06
40823.1,5.50877e-06
41231.3,5.61949e-06
41643.6,5.73245e-06
42060.1,5.84767e-06
42480.7,5.96521e-06
42905.5,6.08511e-06
43334.5,6.20742e-06
43767.9,6.33219e-06
44205.6,6.45946e-06
44647.6,6.5893e-06
45094.1,6.72174e-06
45545,6.85685e-06
46000.5,6.99467e-06
46460.5,7.13527e-06
46925.1,7.27869e-06
47394.3,7.42499e-06
47868.3,7.57423e-06
48347,7.72647e-06
48830.4,7.88177e-06
49318.7,8.0402e-06
49811.9,8.20181e-06
50310,8.36666e-06
50813.1,8.53483e-06
51321.3,8.70638e-06
51834.5,8.88138e-06
52352.8,9.0599e-06
52876.4,9.242e-06
53405.1,9.42776e-06
53939.2,9.61726e-06
54478.6,9.81057e-06
55023.4,1.00078e-05
55573.6,1.02089e-05
56129.3,1.04141e-05
56690.6,1.06234e-05
57257.5,1.0837e-05
57830.1,1.10548e-05
58408.4,1.1277e-05
58992.5,1.15037e-05
59582.4,1.17349e-05
60178.2,1.19708e-05
60780,1.22114e-05
61387.8,1.24568e-05
62001.7,1.27072e-05
62621.7,1.29626e-05
63247.9,1.32232e-05
63880.4,1.34889e-05
64519.2,1.37601e-05
65164.4,1.40367e-05
65816,1.43188e-05
66474.2,1.46066e-05
67138.9,1.49002e-05
67810.3,1.51997e-05
68488.4,1.55052e-05
69173.3,1.58169e-05
69865.1,1.61348e-05
70563.7,1.64591e-05
71269.3,1.67899e-05
71982,1.71274e-05
72701.9,1.74716e-05
73428.9,1.78228e-05
74163.2,1.81811e-05
74904.8,1.85465e-05
75653.8,1.89193e-05
76410.4,1.92996e-05
77174.5,1.96875e-05
77946.2,2.00832e-05
78725.7,2.04869e-05
79513,2.08987e-05
80308.1,2.13187e-05
81111.2,2.17472e-05
81922.3,2.21844e-05
82741.5,2.26303e-05
83568.9,2.30851e-05
84404.6,2.35491e-05
85248.6,2.40225e-05
86101.1,2.45053e-05
86962.1,2.49979e-05
87831.8,2.55003e-05
88710.1,2.60129e-05
89597.2,2.65358e-05
90493.2,2.70691e-05
91398.1,2.76132e-05
92312.1,2.81682e-05
93235.2,2.87344e-05
94167.5,2.9312e-05
95109.2,2.99012e-05
96060.3,3.05022e-05
97020.9,3.11153e-05
97991.1,3.17407e-05
98971,3.23787e-05
99960.7,3.30295e-05
100960,3.36934e-05
101970,3.43706e-05
102990,3.50615e-05
104020,3.57662e-05
105060,3.64851e-05
106110,3.72184e-05
107171,3.79665e-05
108243,3.87297e-05
109326,3.95081e-05
110419,4.03022e-05
111523,4.11123e-05
112638,4.19387e-05
113765,4.27816e-05
114902,4.36416e-05
116051,4.45188e-05
117212,4.54136e-05
118384,4.63264e-05
119568,4.72576e-05
120763,4.82074e-05
121971,4.91764e-05
123191,5.01648e-05
124423,5.11732e-05
125667,5.22017e-05
126924,5.3251e-05
128193,5.43213e-05
129475,5.54132e-05
130770,5.6527e-05
132077,5.76632e-05
133398,5.88222e-05
134732,6.00046e-05
136079,6.12106e-05
137440,6.2441e-05
138814,6.3696e-05
140203,6.49763e-05
141605,6.62824e-05
143021,6.76146e-05
144451,6.89737e-05
145895,7.03601e-05
147354,7.17743e-05
148828,7.3217e-05
150316,7.46886e-05
151819,7.61899e-05
153338,7.77213e-05
154871,7.92835e-05
156420,8.08771e-05
157984,8.25027e-05
159564,8.4161e-05
161159,8.58526e-05
162771,8.75783e-05
164399,8.93386e-05
166043,9.11343e-05
167703,9.29661e-05
169380,9.48347e-05
171074,9.67409e-05
172785,9.86854e-05
174512,0.000100669
176258,0.000102692
178020,0.000104757
179800,0.000106862
181598,0.00010901
183414,0.000111201
185248,0.000113436
187101,0.000115716
188972,0.000118042
190862,0.000120415
192770,0.000122835
194698,0.000125304
196645,0.000127823
198611,0.000130392
200598,0.000133013
202604,0.000135687
204630,0.000138414
206676,0.000141196
208743,0.000144034
210830,0.000146929
212938,0.000149882
215068,0.000152895
217218,0.000155968
219391,0.000159103
221584,0.000162301
223800,0.000165563
226038,0.000168891
228299,0.000172286
230582,0.000175749
232888,0.000179281
235216,0.000182885
237569,0.000186561
239944,0.000190311
242344,0.000194136
244767,0.000198038
247215,0.000202019
249687,0.000206079
252184,0.000210222
254706,0.000214447
257253,0.000218757
259825,0.000223154
262423,0.00022764
265048,0.000232215
267698,0.000236883
270375,0.000241644
273079,0.000246501
275810,0.000251456
278568,0.00025651
281354,0.000261666
284167,0.000266926
287009,0.000272291
289879,0.000277764
292778,0.000283347
295705,0.000289042
298662,0.000294852
301649,0.000300778
304666,0.000306824
307712,0.000312991
310789,0.000319282
313897,0.0003257
317036,0.000332247
320207,0.000338925
323409,0.000345737
326643,0.000352686
329909,0.000359775
333208,0.000367007
336540,0.000374384
339906,0.000381909
343305,0.000389585
346738,0.000397416
350205,0.000405404
353707,0.000413553
357244,0.000421865
360817,0.000430344
364425,0.000438994
368069,0.000447818
371750,0.000456819
375467,0.000466001
379222,0.000475368
383014,0.000484923
386844,0.00049467
390713,0.000504613
394620,0.000514755
398566,0.000525102
402552,0.000535657
406577,0.000546423
410643,0.000557406
414750,0.00056861
418897,0.000580039
423086,0.000591698
427317,0.000603591
431590,0.000615723
435906,0.000628099
440265,0.000640724
444668,0.000653603
449114,0.00066674
453605,0.000680142
458142,0.000693813
462723,0.000707758
467350,0.000721984
472024,0.000736496
476744,0.0007513
481511,0.000766401
486326,0.000781805
491190,0.00079752
496102,0.00081355
501063,0.000829902
506073,0.000846583
511134,0.000863599
516245,0.000880958
521408,0.000898665
526622,0.000916728
531888,0.000935154
537207,0.000953951
542579,0.000973126
548005,0.000992685
553485,0.00101264
559020,0.00103299
564610,0.00105376
570256,0.00107494
575959,0.00109654
581718,0.00111858
587535,0.00114107
593411,0.001164
599345,0.0011874
605338,0.00121126
611392,0.00123561
617506,0.00126045
623681,0.00128578
629917,0.00131163
636217,0.00133799
642579,0.00136488
649005,0.00139232
655495,0.0014203
662050,0.00144885
668670,0.00147797
675357,0.00150768
682110,0.00153798
688931,0.0015689
695821,0.00160043
702779,0.0016326
709807,0.00166542
716905,0.00169889
724074,0.00173304
731315,0.00176787
738628,0.00180341
746014,0.00183966
753474,0.00187663
761009,0.00191435
768619,0.00195283
776305,0.00199208
784068,0.00203213
791909,0.00207297
799828,0.00211464
807826,0.00215714
815905,0.0022005
824064,0.00224473
832304,0.00228985
840627,0.00233588
849034,0.00238283
857524,0.00243072
866099,0.00247958
874760,0.00252942
883508,0.00258026
892343,0.00263212
901266,0.00268503
910279,0.002739
919382,0.00279405
928575,0.00285021
937861,0.0029075
947240,0.00296594
956712,0.00302556
966279,0.00308637
975942,0.00314841
985702,0.00321169
995559,0.00327625
1.00551e+06,0.0033421
1.01557e+06,0.00340927
1.02572e+06,0.0034778
1.03598e+06,0.0035477
1.04634e+06,0.00361901
1.05681e+06,0.00369176
1.06737e+06,0.00376596
1.07805e+06,0.00384166
1.08883e+06,0.00391887
1.09972e+06,0.00399764
1.11071e+06,0.00407799
1.12182e+06,0.00415996
1.13304e+06,0.00424358
1.14437e+06,0.00432887
1.15581e+06,0.00441588
1.16737e+06,0.00450464
1.17904e+06,0.00459519
1.19083e+06,0.00468755
1.20274e+06,0.00478177
1.21477e+06,0.00487788
1.22692e+06,0.00497593
1.23919e+06,0.00507595
1.25158e+06,0.00517797
1.2641e+06,0.00528205
1.27674e+06,0.00538822
1.2895e+06,0.00549652
1.3024e+06,0.005607
1.31542e+06,0.0057197
1.32858e+06,0.00583467
1.34186e+06,0.00595194
1.35528e+06,0.00607158
1.36883e+06,0.00619362
1.38252e+06,0.00631811
1.39635e+06,0.0064451
1.41031e+06,0.00657465
1.42441e+06,0.0067068
1.43866e+06,0.00684161
1.45304e+06,0.00697912
1.46758e+06,0.0071194
1.48225e+06,0.0072625
1.49707e+06,0.00740848
1.51204e+06,0.00755739
1.52716e+06,0.00770929
1.54244e+06,0.00786425
1.55786e+06,0.00802232
1.57344e+06,0.00818357
1.58917e+06,0.00834806
1.60507e+06,0.00851586
1.62112e+06,0.00868703
1.63733e+06,0.00886163
1.6537e+06,0.00903975
1.67024e+06,0.00922145
1.68694e+06,0.0094068
1.70381e+06,0.00959588
1.72085e+06,0.00978876
1.73806e+06,0.00998551
1.75544e+06,0.0101862
1.77299e+06,0.010391
1.79072e+06,0.0105998
1.80863e+06,0.0108129
1.82671e+06,0.0110302
1.84498e+06,0.0112519
1.86343e+06,0.0114781
1.88207e+06,0.0117088
1.90089e+06,0.0119441
1.9199e+06,0.0121842
1.93909e+06,0.0124291
1.95848e+06,0.012679
1.97807e+06,0.0129338
1.99785e+06,0.0131938
2.01783e+06,0.013459
2.03801e+06,0.0137295
2.05839e+06,0.0140054
2.07897e+06,0.014287
2.09976e+06,0.0145741
2.12076e+06,0.0148671
2.14197e+06,0.0151659
2.16339e+06,0.0154707
2.18502e+06,0.0157817
2.20687e+06,0.0160989
2.22894e+06,0.0164225
2.25123e+06,0.0167526
2.27374e+06,0.0170893
2.29648e+06,0.0174328
2.31944e+06,0.0177832
2.34264e+06,0.0181406
2.36606e+06,0.0185053
2.38972e+06,0.0188772
2.41362e+06,0.0192567
2.43776e+06,0.0196437
2.46213e+06,0.0200386
2.48676e+06,0.0204413
2.51162e+06,0.0208522
2.53674e+06,0.0212713
2.56211e+06,0.0216989
2.58773e+06,0.022135
2.61361e+06,0.02258
2.63974e+06,0.0230338
2.66614e+06,0.0234968
2.6928e+06,0.0239691
2.71973e+06,0.0244509
2.74693e+06,0.0249423
2.7744e+06,0.0254437
2.80214e+06,0.0259551
2.83016e+06,0.0264768
2.85846e+06,0.027009
2.88705e+06,0.0275518
2.91592e+06,0.0281056
2.94508e+06,0.0286705
2.97453e+06,0.0292468
3.00427e+06,0.0298347
3.03432e+06,0.0304344
3.06466e+06,0.0310461
3.0953e+06,0.0316701
3.12626e+06,0.0323067
3.15752e+06,0.0329561
3.1891e+06,0.0336185
3.22099e+06,0.0342942
3.2532e+06,0.0349835
3.28573e+06,0.0356867
3.31859e+06,0.036404
3.35177e+06,0.0371357
3.38529e+06,0.0378821
3.41914e+06,0.0386436
3.45333e+06,0.0394203
3.48787e+06,0.0402126
3.52275e+06,0.0410209
3.55797e+06,0.0418454
3.59355e+06,0.0426865
3.62949e+06,0.0435445
3.66578e+06,0.0444198
3.70244e+06,0.0453126
3.73947e+06,0.0462234
3.77686e+06,0.0471525
3.81463e+06,0.0481003
3.85277e+06,0.0490671
3.8913e+06,0.0500533
3.93022e+06,0.0510594
3.96952e+06,0.0520857
4.00921e+06,0.0531326
4.04931e+06,0.0542006
4.0898e+06,0.05529
4.1307e+06,0.0564013
4.172e+06,0.057535
4.21372e+06,0.0586915
4.25586e+06,0.0598712
4.29842e+06,0.0610746
4.3414e+06,0.0623022
4.38482e+06,0.0635544
4.42867e+06,0.0648319
4.47295e+06,0.066135
4.51768e+06,0.0674643
4.56286e+06,0.0688203
4.60849e+06,0.0702036
4.65457e+06,0.0716147
4.70112e+06,0.0730542
4.74813e+06,0.0745226
4.79561e+06,0.0760205
4.84357e+06,0.0775485
4.892e+06,0.0791072
4.94092e+06,0.0806973
4.99033e+06,0.0823193
5.04023e+06,0.0839739
5.09064e+06,0.0856618
5.14154e+06,0.0873836
5.19296e+06,0.08914
5.24489e+06,0.0909317
5.29734e+06,0.0927594
5.35031e+06,0.0946239
5.40381e+06,0.0965258
5.45785e+06,0.098466
5.51243e+06,0.100445
5.56755e+06,0.102464
5.62323e+06,0.104524
5.67946e+06,0.106625
5.73626e+06,0.108768
5.79362e+06,0.110954
5.85156e+06,0.113184
5.91007e+06,0.115459
5.96917e+06,0.11778
6.02886e+06,0.120147
6.08915e+06,0.122562
6.15004e+06,0.125026
6.21154e+06,0.127539
6.27366e+06,0.130102
6.3364e+06,0.132717
6.39976e+06,0.135385
6.46376e+06,0.138106
6.5284e+06,0.140882
6.59368e+06,0.143714
6.65962e+06,0.146602
6.72621e+06,0.149549
6.79347e+06,0.152555
6.86141e+06,0.155621
6.93002e+06,0.158749
6.99932e+06,0.16194
7.06932e+06,0.165195
7.14001e+06,0.168516
7.21141e+06,0.171903
7.28352e+06,0.175358
7.35636e+06,0.178883
7.42992e+06,0.182478
7.50422e+06,0.186146
7.57926e+06,0.189888
7.65506e+06,0.193705
7.73161e+06,0.197598
7.80892e+06,0.20157
7.88701e+06,0.205621
7.96588e+06,0.209754
8.04554e+06,0.21397
8.126e+06,0.218271
8.20726e+06,0.222658
8.28933e+06,0.227134
8.37222e+06,0.231699
8.45595e+06,0.236356
8.5405e+06,0.241107
8.62591e+06,0.245953
8.71217e+06,0.250897
8.79929e+06,0.25594
8.88728e+06,0.261084
8.97616e+06,0.266332
9.06592e+06,0.271685
9.15658e+06,0.277146
9.24814e+06,0.282717
9.34062e+06,0.2884
9.43403e+06,0.294196
9.52837e+06,0.30011
9.62365e+06,0.306142
9.71989e+06,0.312295
9.81709e+06,0.318573
9.91526e+06,0.324976
1.00144e+07,0.331508
1.01146e+07,0.338171
1.02157e+07,0.344968
1.03179e+07,0.351902
1.0421e+07,0.358976
1.05252e+07,0.366191
1.06305e+07,0.373551
1.07368e+07,0.38106
1.08442e+07,0.388719
1.09526e+07,0.396532
1.10621e+07,0.404503
1.11728e+07,0.412633
1.12845e+07,0.420927
1.13973e+07,0.429388
1.15113e+07,0.438018
1.16264e+07,0.446823
1.17427e+07,0.455804
1.18601e+07,0.464965
1.19787e+07,0.474311
1.20985e+07,0.483845
1.22195e+07,0.49357
1.23417e+07,0.503491
1.24651e+07,0.513611
1.25898e+07,0.523935
1.27156e+07,0.534466
1.28428e+07,0.545208
1.29712e+07,0.556167
1.31009e+07,0.567346
1.3232e+07,0.57875
1.33643e+07,0.590383
1.34979e+07,0.602249
1.36329e+07,0.614355
1.37692e+07,0.626703
1.39069e+07,0.6393
1.4046e+07,0.65215
1.41864e+07,0.665258
1.43283e+07,0.67863
1.44716e+07,0.69227
1.46163e+07,0.706185
1.47625e+07,0.720379
1.49101e+07,0.734859
1.50592e+07,0.749629
1.52098e+07,0.764697
1.53619e+07,0.780067
1.55155e+07,0.795747
1.56707e+07,0.811741
1.58274e+07,0.828057
1.59856e+07,0.844701
1.61455e+07,0.86168
1.6307e+07,0.878999
1.647e+07,0.896667
1.66347e+07,0.91469
1.68011e+07,0.933075
1.69691e+07,0.95183
1.71388e+07,0.970962
1.73102e+07,0.990478
1.74833e+07,1.01039
1.76581e+07,1.0307
1.78347e+07,1.05141
1.8013e+07,1.07255
1.81932e+07,1.0941
1.83751e+07,1.1161
1.85588e+07,1.13853
1.87444e+07,1.16141
1.89319e+07,1.18476
1.91212e+07,1.20857
1.93124e+07,1.23286
1.95055e+07,1.25764
1.97006e+07,1.28292
1.98976e+07,1.30871
2.00966e+07,1.33502
2.02975e+07,1.36185
2.05005e+07,1.38922
2.07055e+07,1.41715
2.09126e+07,1.44563
2.11217e+07,1.47469
2.13329e+07,1.50433
2.15462e+07,1.53457
2.17617e+07,1.56541
2.19793e+07,1.59688
2.21991e+07,1.62897
2.24211e+07,1.66171
2.26453e+07,1.69512
2.28718e+07,1.72919
2.31005e+07,1.76394
2.33315e+07,1.7994
2.35648e+07,1.83557
2.38004e+07,1.87246
2.40384e+07,1.9101
2.42788e+07,1.94849
2.45216e+07,1.98766
2.47668e+07,2.02761
2.50145e+07,2.06836
2.52647e+07,2.10994
2.55173e+07,2.15235
2.57725e+07,2.19561
2.60302e+07,2.23974
2.62905e+07,2.28476
2.65534e+07,2.33068
2.68189e+07,2.37753
2.70871e+07,2.42532
2.7358e+07,2.47407
2.76316e+07,2.5238
2.79079e+07,2.57452
2.8187e+07,2.62627
2.84688e+07,2.67906
2.87535e+07,2.73291
2.90411e+07,2.78784
2.93315e+07,2.84388
2.96248e+07,2.90104
2.9921e+07,2.95935
3.02202e+07,3.01883
3.05225e+07,3.07951
3.08277e+07,3.14141
3.1136e+07,3.20455
3.14473e+07,3.26896
3.17618e+07,3.33467
3.20794e+07,3.40169
3.24002e+07,3.47007
3.27242e+07,3.53982
3.30514e+07,3.61097
3.3382e+07,3.68355
3.37158e+07,3.75759
3.40529e+07,3.83311
3.43935e+07,3.91016
3.47374e+07,3.98875
3.50848e+07,4.06893
3.54356e+07,4.15071
3.579e+07,4.23414
3.61479e+07,4.31925
3.65094e+07,4.40607
3.68744e+07,4.49463
3.72432e+07,4.58497
3.76156e+07,4.67713
3.79918e+07,4.77114
3.83717e+07,4.86704
3.87554e+07,4.96487
3.9143e+07,5.06466
3.95344e+07,5.16646
3.99297e+07,5.27031
4.0329e+07,5.37624
4.07323e+07,5.4843
4.11397e+07,5.59454
4.1551e+07,5.70699
4.19666e+07,5.8217
4.23862e+07,5.93871
4.28101e+07,6.05808
4.32382e+07,6.17985
4.36706e+07,6.30406
4.41073e+07,6.43077
4.45483e+07,6.56003
4.49938e+07,6.69189
4.54438e+07,6.8264
4.58982e+07,6.96361
4.63572e+07,7.10358
4.68208e+07,7.24636
4.7289e+07,7.39201
4.77619e+07,7.54059
4.82395e+07,7.69215
4.87219e+07,7.84677
4.92091e+07,8.00449
4.97012e+07,8.16538
5.01982e+07,8.3295
5.07002e+07,8.49692
5.12072e+07,8.66771
5.17192e+07,8.84193
5.22364e+07,9.01966
5.27588e+07,9.20095
5.32864e+07,9.38589
5.38193e+07,9.57455
5.43574e+07,9.767
5.4901e+07,9.96331
5.545e+07,10.1636
5.60045e+07,10.3679
5.65646e+07,10.5763
5.71302e+07,10.7888
5.77015e+07,11.0057
5.82785e+07,11.2269
5.88613e+07,11.4526
5.94499e+07,11.6828
6.00444e+07,11.9176
6.06449e+07,12.1571
6.12513e+07,12.4015
6.18638e+07,12.6508
6.24825e+07,12.905
6.31073e+07,13.1644
6.37384e+07,13.429
6.43758e+07,13.699
6.50195e+07,13.9743
6.56697e+07,14.2552
6.63264e+07,14.5417
6.69897e+07,14.834
6.76596e+07,15.1322
6.83362e+07,15.4363
6.90195e+07,15.7466
6.97097e+07,16.0631
7.04068e+07,16.386
7.11109e+07,16.7153
7.1822e+07,17.0513
7.25402e+07,17.394
7.32656e+07,17.7437
7.39983e+07,18.1003
7.47383e+07,18.4641
7.54857e+07,18.8353
7.62405e+07,19.2139
7.70029e+07,19.6
7.77729e+07,19.994
7.85507e+07,20.3959
7.93362e+07,20.8058
8.01295e+07,21.224
8.09308e+07,21.6506
8.17401e+07,22.0858
8.25575e+07,22.5298
8.33831e+07,22.9826
8.4217e+07,23.4445
8.50591e+07,23.9158
8.59097e+07,24.3965
8.67688e+07,24.8869
8.76365e+07,25.3871
8.85129e+07,25.8974
8.9398e+07,26.4179
9.0292e+07,26.9489
9.11949e+07,27.4906
9.21068e+07,28.0431
9.30279e+07,28.6068
9.39582e+07,29.1818
9.48978e+07,29.7684
9.58467e+07,30.3667
9.68052e+07,30.9771
9.77733e+07,31.5997
9.8751e+07,32.2349
9.97385e+07,32.8828
1.00736e+08,33.5437
1.01743e+08,34.218
1.02761e+08,34.9057
1.03788e+08,35.6073
1.04826e+08,36.3231
1.05874e+08,37.0531
1.06933e+08,37.7979
1.08003e+08,38.5577
1.09083e+08,39.3327
1.10173e+08,40.1232
1.11275e+08,40.9297
1.12388e+08,41.7524
1.13512e+08,42.5916
1.14647e+08,43.4477
1.15793e+08,44.321
1.16951e+08,45.2119
1.18121e+08,46.1206
1.19302e+08,47.0477
1.20495e+08,47.9933
1.217e+08,48.958
1.22917e+08,49.942
1.24146e+08,50.9459
1.25388e+08,51.9699
1.26641e+08,53.0145
1.27908e+08,54.0801
1.29187e+08,55.1671
1.30479e+08,56.2759
1.31784e+08,57.4071
1.33101e+08,58.561
1.34432e+08,59.738
1.35777e+08,60.9388
1.37135e+08,62.1637
1.38506e+08,63.4131
1.39891e+08,64.6877
1.4129e+08,65.988
1.42703e+08,67.3143
1.4413e+08,68.6673
1.45571e+08,70.0476
1.47027e+08,71.4555
1.48497e+08,72.8918
1.49982e+08,74.3569
1.51482e+08,75.8515
1.52997e+08,77.3761
1.54527e+08,78.9313
1.56072e+08,80.5179
1.57633e+08,82.1363
1.59209e+08,83.7872
1.60801e+08,85.4713
1.62409e+08,87.1893
1.64033e+08,88.9418
1.65673e+08,90.7295
1.6733e+08,92.5532
1.69003e+08,94.4135
1.70694e+08,96.3112
1.724e+08,98.2471
1.74124e+08,100.222
1.75866e+08,102.236
1.77624e+08,104.291
1.79401e+08,106.388
1.81195e+08,108.526
1.83007e+08,110.707
1.84837e+08,112.932
1.86685e+08,115.202
1.88552e+08,117.518
1.90437e+08,119.88
1.92342e+08,122.29
1.94265e+08,124.748
1.96208e+08,127.255
1.9817e+08,129.813
2.00152e+08,132.422
2.02153e+08,135.084
2.04175e+08,137.799
2.06216e+08,140.569
2.08279e+08,143.394
2.10361e+08,146.277
2.12465e+08,149.217
2.1459e+08,152.216
2.16735e+08,155.275
2.18903e+08,158.397
2.21092e+08,161.58
2.23303e+08,164.828
2.25536e+08,168.141
2.27791e+08,171.521
2.30069e+08,174.968
2.3237e+08,178.485
2.34693e+08,182.073
2.3704e+08,185.732
2.39411e+08,189.466
2.41805e+08,193.274
2.44223e+08,197.159
2.46665e+08,201.122
2.49132e+08,205.164
2.51623e+08,209.288
2.54139e+08,213.495
2.56681e+08,217.786
2.59248e+08,222.163
2.6184e+08,226.629
2.64458e+08,231.184
2.67103e+08,235.831
2.69774e+08,240.571
2.72472e+08,245.407
2.75197e+08,250.339
2.77949e+08,255.371
2.80728e+08,260.504
2.83535e+08,265.74
2.86371e+08,271.081
2.89234e+08,276.53
2.92127e+08,282.088
2.95048e+08,287.758
2.97998e+08,293.542
3.00978e+08,299.443
3.03988e+08,305.461
3.07028e+08,311.601
3.10098e+08,317.864
3.13199e+08,324.253
3.16331e+08,330.771
3.19495e+08,337.419
3.2269e+08,344.202
3.25917e+08,351.12
3.29176e+08,358.177
3.32467e+08,365.377
3.35792e+08,372.721
3.3915e+08,380.213
3.42542e+08,387.855
3.45967e+08,395.651
3.49427e+08,403.603
3.52921e+08,411.716
3.5645e+08,419.991
3.60015e+08,428.433
3.63615e+08,437.045
3.67251e+08,445.829
3.70923e+08,454.79
3.74633e+08,463.932
3.78379e+08,473.257
3.82163e+08,482.769
3.85984e+08,492.473
3.89844e+08,502.372
3.93743e+08,512.469
3.9768e+08,522.77
4.01657e+08,533.277
4.05673e+08,543.996
4.0973e+08,554.931
4.13827e+08,566.085
4.17966e+08,577.463
4.22145e+08,589.07
4.26367e+08,600.91
4.30631e+08,612.989
4.34937e+08,625.31
4.39286e+08,637.879
4.43679e+08,650.7
4.48116e+08,663.779
4.52597e+08,677.121
4.57123e+08,690.731
4.61694e+08,704.615
4.66311e+08,718.777
4.70974e+08,733.225
4.75684e+08,747.963
4.80441e+08,762.997
4.85245e+08,778.333
4.90098e+08,793.978
4.94999e+08,809.936
4.99949e+08,826.216
5.04948e+08,842.823
5.09998e+08,859.764
5.15098e+08,877.045
5.20249e+08,894.674
5.25451e+08,912.657
5.30706e+08,931.001
5.36013e+08,949.714
5.41373e+08,968.803
5.46787e+08,988.276
5.52254e+08,1008.14
5.57777e+08,1028.4
5.63355e+08,1049.08
5.68988e+08,1070.16
5.74678e+08,1091.67
5.80425e+08,1113.61
5.86229e+08,1136
5.92091e+08,1158.83
5.98012e+08,1182.12
6.03992e+08,1205.89
6.10032e+08,1230.12
6.16133e+08,1254.85
6.22294e+08,1280.07
6.28517e+08,1305.8
6.34802e+08,1332.05
6.4115e+08,1358.82
6.47562e+08,1386.13
6.54037e+08,1414
6.60578e+08,1442.42
6.67183e+08,1471.41
6.73855e+08,1500.98
6.80594e+08,1531.15
6.874e+08,1561.93
6.94274e+08,1593.32
7.01217e+08,1625.35
7.08229e+08,1658.02
7.15311e+08,1691.35
7.22464e+08,1725.34
7.29689e+08,1760.02
7.36986e+08,1795.4
7.44355e+08,1831.49
7.51799e+08,1868.3
7.59317e+08,1905.85
7.6691e+08,1944.16
7.74579e+08,1983.24
7.82325e+08,2023.1
7.90148e+08,2063.76
7.9805e+08,2105.25
8.0603e+08,2147.56
8.14091e+08,2190.73
8.22232e+08,2234.76
8.30454e+08,2279.68
8.38758e+08,2325.5
8.47146e+08,2372.24
8.55617e+08,2419.93
8.64174e+08,2468.57
8.72815e+08,2518.18
8.81543e+08,2568.8
8.90359e+08,2620.43
8.99262e+08,2673.1
9.08255e+08,2726.83
9.17338e+08,2781.64
9.26511e+08,2837.55
9.35776e+08,2894.59
9.45134e+08,2952.77
9.54585e+08,3012.12
9.64131e+08,3072.66
9.73772e+08,3134.42
9.8351e+08,3197.43
9.93345e+08,3261.69
1.00328e+09,3327.25
1.01331e+09,3394.13
1.02344e+09,3462.35
1.03368e+09,3531.95
1.04402e+09,3602.94
1.05446e+09,3675.36
1.065e+09,3749.23
1.07565e+09,3824.59
1.08641e+09,3901.47
1.09727e+09,3979.89
1.10824e+09,4059.88
1.11933e+09,4141.49
1.13052e+09,4224.73
1.14182e+09,4309.65
1.15324e+09,4396.27
1.16478e+09,4484.64
1.17642e+09,4574.78
1.18819e+09,4666.73
1.20007e+09,4760.53
1.21207e+09,4856.22
1.22419e+09,4953.83
1.23643e+09,5053.4
1.2488e+09,5154.97
1.26128e+09,5258.59
1.2739e+09,5364.29
1.28664e+09,5472.11
1.2995e+09,5582.1
1.3125e+09,5694.3
1.32562e+09,5808.75
1.33888e+09,5925.51
1.35227e+09,6044.61
1.36579e+09,6166.11
1.37945e+09,6290.05
1.39324e+09,6416.48
1.40718e+09,6545.45
1.42125e+09,6677.01
1.43546e+09,6811.22
1.44981e+09,6948.13
1.46431e+09,7087.78
1.47896e+09,7230.25
1.49375e+09,7375.58
1.50868e+09,7523.82
1.52377e+09,7675.05
1.53901e+09,7829.32
1.5544e+09,7986.69
1.56994e+09,8147.22
1.58564e+09,8310.98
1.6015e+09,8478.03
1.61751e+09,8648.44
1.63369e+09,8822.28
1.65002e+09,8999.6
1.66652e+09,9180.5
1.68319e+09,9365.02
1.70002e+09,9553.26
1.71702e+09,9745.28
1.73419e+09,9941.16
1.75153e+09,10141
1.76905e+09,10344.8
1.78674e+09,10552.7
1.80461e+09,10764.9
1.82265e+09,10981.2
1.84088e+09,11201.9
1.85929e+09,11427.1
1.87788e+09,11656.8
1.89666e+09,11891.1
1.91563e+09,12130.1
1.93478e+09,12373.9
1.95413e+09,12622.6
1.97367e+09,12876.4
1.99341e+09,13135.2
2.01334e+09,13399.2
2.03348e+09,13668.5
2.05381e+09,13943.2
2.07435e+09,14223.5
2.09509e+09,14509.4
2.11604e+09,14801
2.1372e+09,15098.5
2.15858e+09,15402
2.18016e+09,15711.6
2.20196e+09,16027.4
2.22398e+09,16349.6
2.24622e+09,16678.2
2.26869e+09,17013.4
2.29137e+09,17355.4
2.31429e+09,17704.2
2.33743e+09,18060.1
2.3608e+09,18423.1
2.38441e+09,18793.4
2.40826e+09,19171.1
2.43234e+09,19556.5
2.45666e+09,19949.6
2.48123e+09,20350.5
2.50604e+09,20759.6
2.5311e+09,21176.9
2.55641e+09,21602.5
2.58198e+09,22036.7
2.6078e+09,22479.7
2.63387e+09,22931.5
2.66021e+09,23392.4
2.68681e+09,23862.6
2.71368e+09,24342.3
2.74082e+09,24831.5
2.76823e+09,25330.6
2.79591e+09,25839.8
2.82387e+09,26359.2
2.85211e+09,26889
2.88063e+09,27429.5
2.90943e+09,27980.8
2.93853e+09,28543.2
2.96791e+09,29116.9
2.99759e+09,29702.2
3.02757e+09,30299.2
3.05784e+09,30908.2
3.08842e+09,31529.5
3.11931e+09,32163.2
3.1505e+09,32809.7
3.18201e+09,33469.2
3.21383e+09,34141.9
3.24596e+09,34828.1
3.27842e+09,35528.2
3.31121e+09,36242.3
3.34432e+09,36970.8
3.37776e+09,37713.9
3.41154e+09,38471.9
3.44566e+09,39245.2
3.48011e+09,40034
3.51491e+09,40838.7
3.55006e+09,41659.6
3.58556e+09,42496.9
3.62142e+09,43351.1
3.65763e+09,44222.5
3.69421e+09,45111.4
3.73115e+09,46018.1
3.76846e+09,46943.1
3.80615e+09,47886.6
3.84421e+09,48849.1
3.88265e+09,49831
3.92148e+09,50832.6
3.96069e+09,51854.3
4.0003e+09,52896.6
4.0403e+09,53959.8
4.08071e+09,55044.4
4.12151e+09,56150.8
4.16273e+09,57279.5
4.20436e+09,58430.8
4.2464e+09,59605.2
4.28886e+09,60803.3
4.33175e+09,62025.4
4.37507e+09,63272.2
4.41882e+09,64543.9
4.46301e+09,65841.3
4.50764e+09,67164.7
4.55271e+09,68514.7
4.59824e+09,69891.8
4.64422e+09,71296.7
4.69067e+09,72729.7
4.73757e+09,74191.6
4.78495e+09,75682.8
4.8328e+09,77204.1
4.88113e+09,78755.9
4.92994e+09,80338.9
4.97924e+09,81953.7
5.02903e+09,83600.9
5.07932e+09,85281.3
5.13011e+09,86995.5
5.18141e+09,88744.1
5.23323e+09,90527.8
5.28556e+09,92347.4
5.33842e+09,94203.6
5.3918e+09,96097.1
5.44572e+09,98028.7
5.50017e+09,99999
5.55518e+09,102009
5.61073e+09,104059
5.66684e+09,106151
5.7235e+09,108285
5.78074e+09,110461
5.83855e+09,112681
5.89693e+09,114946
5.9559e+09,117257
6.01546e+09,119614
6.07561e+09,122018
6.13637e+09,124470
6.19773e+09,126972
6.25971e+09,129524
6.32231e+09,132128
6.38553e+09,134784
6.44939e+09,137493
6.51388e+09,140256
6.57902e+09,143076
6.64481e+09,145951
6.71126e+09,148885
6.77837e+09,151878
6.84616e+09,154930
6.91462e+09,158044
6.98376e+09,161221
7.0536e+09,164462
7.12414e+09,167767
7.19538e+09,171139
7.26733e+09,174579
7.34e+09,178088
7.4134e+09,181668
7.48754e+09,185319
7.56241e+09,189044
7.63804e+09,192844
7.71442e+09,196720
7.79156e+09,200674
7.86948e+09,204708
7.94817e+09,208823
8.02766e+09,213020
8.10793e+09,217302
8.18901e+09,221669
8.2709e+09,226125
8.35361e+09,230670
8.43715e+09,235307
8.52152e+09,240036
8.60673e+09,244861
8.6928e+09,249783
8.77973e+09,254803
8.86753e+09,259925
8.9562e+09,265149
9.04576e+09,270479
9.13622e+09,275915
9.22758e+09,281461
9.31986e+09,287119
9.41306e+09,292890
9.50719e+09,298777
9.60226e+09,304782
9.69828e+09,310908
9.79526e+09,317158
9.89322e+09,323533
9.99215e+09,330036
1.00921e+10,336669
1.0193e+10,343436
1.02949e+10,350339
1.03979e+10,357381
1.05018e+10,364565
1.06069e+10,371892
1.07129e+10,379367
1.08201e+10,386993
1.09283e+10,394771
1.10375e+10,402706
1.11479e+10,410800
1.12594e+10,419058
1.1372e+10,427481
1.14857e+10,436073
1.16006e+10,444838
1.17166e+10,453779
1.18337e+10,462900
1.19521e+10,472205
1.20716e+10,481696
1.21923e+10,491378
1.23142e+10,501255
1.24374e+10,511330
1.25618e+10,521608
1.26874e+10,532092
1.28143e+10,542787
1.29424e+10,553697
1.30718e+10,564826
1.32025e+10,576179
1.33346e+10,587760
1.34679e+10,599574
1.36026e+10,611626
1.37386e+10,623920
1.3876e+10,636460
1.40148e+10,649253
1.41549e+10,662303
1.42965e+10,675616
1.44394e+10,689195
1.45838e+10,703048
1.47297e+10,717179
1.48769e+10,731595
1.50257e+10,746300
1.5176e+10,761300
1.53277e+10,776603
1.5481e+10,792212
1.56358e+10,808136
1.57922e+10,824379
1.59501e+10,840949
1.61096e+10,857852
1.62707e+10,875095
1.64334e+10,892685
1.65977e+10,910628
1.67637e+10,928931
1.69314e+10,947603
1.71007e+10,966650
1.72717e+10,986079
1.74444e+10,1.0059e+06
1.76188e+10,1.02612e+06
1.7795e+10,1.04674e+06
1.7973e+10,1.06778e+06
1.81527e+10,1.08924e+06
1.83342e+10,1.11114e+06
1.85176e+10,1.13347e+06
1.87028e+10,1.15626e+06
1.88898e+10,1.1795e+06
1.90787e+10,1.2032e+06
1.92695e+10,1.22739e+06
1.94622e+10,1.25206e+06
1.96568e+10,1.27723e+06
1.98533e+10,1.3029e+06
2.00519e+10,1.32909e+06
2.02524e+10,1.3558e+06
2.04549e+10,1.38305e+06
2.06595e+10,1.41085e+06
2.08661e+10,1.43921e+06
2.10747e+10,1.46814e+06
2.12855e+10,1.49765e+06
2.14983e+10,1.52775e+06
2.17133e+10,1.55846e+06
2.19304e+10,1.58978e+06
2.21498e+10,1.62174e+06
2.23712e+10,1.65433e+06
2.2595e+10,1.68759e+06
2.28209e+10,1.72151e+06
2.30491e+10,1.75611e+06
2.32796e+10,1.79141e+06
2.35124e+10,1.82741e+06
2.37475e+10,1.86415e+06
2.3985e+10,1.90161e+06
2.42249e+10,1.93984e+06
2.44671e+10,1.97883e+06
2.47118e+10,2.0186e+06
2.49589e+10,2.05918e+06
2.52085e+10,2.10057e+06
2.54606e+10,2.14279e+06
2.57152e+10,2.18586e+06
2.59723e+10,2.22979e+06
2.6232e+10,2.27461e+06
2.64944e+10,2.32033e+06
2.67593e+10,2.36697e+06
2.70269e+10,2.41455e+06
2.72972e+10,2.46308e+06
2.75701e+10,2.51259e+06
2.78458e+10,2.56309e+06
2.81243e+10,2.61461e+06
2.84055e+10,2.66716e+06
2.86896e+10,2.72077e+06
2.89765e+10,2.77546e+06
2.92663e+10,2.83124e+06
2.95589e+10,2.88815e+06
2.98545e+10,2.9462e+06
3.01531e+10,3.00542e+06
3.04546e+10,3.06583e+06
3.07591e+10,3.12746e+06
3.10667e+10,3.19032e+06
3.13774e+10,3.25444e+06
3.16912e+10,3.31986e+06
3.20081e+10,3.38659e+06
3.23282e+10,3.45466e+06
3.26514e+10,3.5241e+06
3.2978e+10,3.59493e+06
3.33077e+10,3.66719e+06
3.36408e+10,3.7409e+06
3.39772e+10,3.81609e+06
3.4317e+10,3.89279e+06
3.46602e+10,3.97104e+06
3.50068e+10,4.05086e+06
3.53568e+10,4.13228e+06
3.57104e+10,4.21534e+06
3.60675e+10,4.30007e+06
3.64282e+10,4.3865e+06
3.67925e+10,4.47467e+06
3.71604e+10,4.56461e+06
3.7532e+10,4.65636e+06
3.79073e+10,4.74995e+06
3.82864e+10,4.84542e+06
3.86693e+10,4.94282e+06
3.90559e+10,5.04217e+06
3.94465e+10,5.14351e+06
3.9841e+10,5.2469e+06
4.02394e+10,5.35236e+06
4.06418e+10,5.45994e+06
4.10482e+10,5.56969e+06
4.14587e+10,5.68164e+06
4.18733e+10,5.79584e+06
4.2292e+10,5.91234e+06
4.27149e+10,6.03117e+06
4.31421e+10,6.1524e+06
4.35735e+10,6.27606e+06
4.40092e+10,6.40221e+06
4.44493e+10,6.5309e+06
4.48938e+10,6.66217e+06
4.53427e+10,6.79608e+06
4.57962e+10,6.93268e+06
4.62541e+10,7.07203e+06
4.67167e+10,7.21417e+06
4.71838e+10,7.35918e+06
4.76557e+10,7.5071e+06
4.81322e+10,7.65799e+06
4.86136e+10,7.81192e+06
4.90997e+10,7.96894e+06
4.95907e+10,8.12911e+06
5.00866e+10,8.29251e+06
5.05875e+10,8.45919e+06
5.10933e+10,8.62922e+06
5.16043e+10,8.80266e+06
5.21203e+10,8.9796e+06
5.26415e+10,9.16009e+06
5.31679e+10,9.3442e+06
5.36996e+10,9.53202e+06
5.42366e+10,9.72362e+06
5.4779e+10,9.91906e+06
5.53268e+10,1.01184e+07
5.588e+10,1.03218e+07
5.64388e+10,1.05293e+07
5.70032e+10,1.07409e+07
5.75732e+10,1.09568e+07
5.8149e+10,1.1177e+07
5.87305e+10,1.14017e+07
5.93178e+10,1.16309e+07
5.9911e+10,1.18647e+07
6.05101e+10,1.21031e+07
6.11152e+10,1.23464e+07
6.17263e+10,1.25946e+07
6.23436e+10,1.28477e+07
6.2967e+10,1.3106e+07
6.35967e+10,1.33694e+07
6.42326e+10,1.36381e+07
6.4875e+10,1.39122e+07
6.55237e+10,1.41919e+07
6.6179e+10,1.44771e+07
6.68408e+10,1.47681e+07
6.75092e+10,1.5065e+07
6.81843e+10,1.53678e+07
6.88661e+10,1.56767e+07
6.95548e+10,1.59918e+07
7.02503e+10,1.63132e+07
7.09528e+10,1.66411e+07
7.16623e+10,1.69756e+07
7.2379e+10,1.73168e+07
7.31027e+10,1.76649e+07
7.38338e+10,1.80199e+07
7.45721e+10,1.83821e+07
7.53178e+10,1.87516e+07
7.6071e+10,1.91285e+07
7.68317e+10,1.9513e+07
7.76e+10,1.99052e+07
7.8376e+10,2.03053e+07
7.91598e+10,2.07134e+07
7.99514e+10,2.11298e+07
8.07509e+10,2.15545e+07
8.15584e+10,2.19877e+07
8.2374e+10,2.24297e+07
8.31977e+10,2.28805e+07
8.40297e+10,2.33404e+07
8.487e+10,2.38096e+07
8.57187e+10,2.42881e+07
8.65759e+10,2.47763e+07
8.74417e+10,2.52743e+07
8.83161e+10,2.57823e+07
8.91992e+10,2.63006e+07
9.00912e+10,2.68292e+07
9.09921e+10,2.73685e+07
9.19021e+10,2.79186e+07
9.28211e+10,2.84797e+07
9.37493e+10,2.90522e+07
9.46868e+10,2.96361e+07
9.56337e+10,3.02318e+07
9.659e+10,3.08395e+07
9.75559e+10,3.14594e+07
9.85315e+10,3.20917e+07
9.95168e+10,3.27367e+07
1.00512e+11,3.33947e+07
1.01517e+11,3.4066e+07
1.02532e+11,3.47507e+07
1.03558e+11,3.54492e+07
1.04593e+11,3.61617e+07
1.05639e+11,3.68886e+07
1.06695e+11,3.763e+07
1.07762e+11,3.83864e+07
1.0884e+11,3.9158e+07
1.09928e+11,3.9945e+07
1.11028e+11,4.07479e+07
1.12138e+11,4.1567e+07
1.13259e+11,4.24025e+07
1.14392e+11,4.32548e+07
1.15536e+11,4.41242e+07
1.16691e+11,4.50111e+07
1.17858e+11,4.59158e+07
1.19037e+11,4.68387e+07
1.20227e+11,4.77802e+07
1.21429e+11,4.87405e+07
1.22644e+11,4.97202e+07
1.2387e+11,5.07196e+07
1.25109e+11,5.17391e+07
1.2636e+11,5.2779e+07
1.27623e+11,5.38399e+07
1.289e+11,5.49221e+07
1.30189e+11,5.6026e+07
1.31491e+11,5.71521e+07
1.32806e+11,5.83009e+07
1.34134e+11,5.94727e+07
1.35475e+11,6.06681e+07
1.3683e+11,6.18876e+07
1.38198e+11,6.31315e+07
1.3958e+11,6.44004e+07
1.40976e+11,6.56949e+07
1.42385e+11,6.70154e+07
1.43809e+11,6.83624e+07
1.45247e+11,6.97364e+07
1.467e+11,7.11381e+07
1.48167e+11,7.2568e+07
1.49649e+11,7.40266e+07
1.51145e+11,7.55146e+07
1.52657e+11,7.70324e+07
1.54183e+11,7.85808e+07
1.55725e+11,8.01602e+07
1.57282e+11,8.17715e+07
1.58855e+11,8.34151e+07
1.60444e+11,8.50917e+07
1.62048e+11,8.68021e+07
1.63668e+11,8.85468e+07
1.65305e+11,9.03266e+07
1.66958e+11,9.21421e+07
1.68628e+11,9.39942e+07
1.70314e+11,9.58835e+07
1.72017e+11,9.78107e+07
1.73737e+11,9.97767e+07
1.75475e+11,1.01782e+08
1.77229e+11,1.03828e+08
1.79002e+11,1.05915e+08
1.80792e+11,1.08044e+08
1.826e+11,1.10216e+08
1.84426e+11,1.12431e+08
1.8627e+11,1.14691e+08
1.88133e+11,1.16996e+08
1.90014e+11,1.19348e+08
1.91914e+11,1.21747e+08
1.93833e+11,1.24194e+08
1.95772e+11,1.2669e+08
1.97729e+11,1.29236e+08
1.99707e+11,1.31834e+08
2.01704e+11,1.34484e+08
2.03721e+11,1.37187e+08
2.05758e+11,1.39945e+08
2.07816e+11,1.42757e+08
2.09894e+11,1.45627e+08
2.11993e+11,1.48554e+08
2.14113e+11,1.5154e+08
2.16254e+11,1.54586e+08
2.18416e+11,1.57693e+08
2.206e+11,1.60863e+08
2.22806e+11,1.64096e+08
2.25034e+11,1.67394e+08
2.27285e+11,1.70759e+08
2.29558e+11,1.74191e+08
2.31853e+11,1.77692e+08
2.34172e+11,1.81264e+08
2.36513e+11,1.84907e+08
2.38879e+11,1.88624e+08
2.41267e+11,1.92415e+08
2.4368e+11,1.96283e+08
2.46117e+11,2.00228e+08
2.48578e+11,2.04253e+08
2.51064e+11,2.08358e+08
2.53574e+11,2.12546e+08
2.5611e+11,2.16819e+08
2.58671e+11,2.21177e+08
2.61258e+11,2.25622e+08
2.63871e+11,2.30157e+08
2.66509e+11,2.34783e+08
2.69174e+11,2.39503e+08
2.71866e+11,2.44317e+08
2.74585e+11,2.49227e+08
2.77331e+11,2.54237e+08
2.80104e+11,2.59347e+08
2.82905e+11,2.6456e+08
2.85734e+11,2.69877e+08
2.88591e+11,2.75302e+08
2.91477e+11,2.80836e+08
2.94392e+11,2.8648e+08
2.97336e+11,2.92239e+08
3.00309e+11,2.98113e+08
3.03312e+11,3.04105e+08
3.06346e+11,3.10217e+08
3.09409e+11,3.16453e+08
3.12503e+11,3.22813e+08
3.15628e+11,3.29302e+08
3.18784e+11,3.35921e+08
3.21972e+11,3.42673e+08
3.25192e+11,3.49561e+08
3.28444e+11,3.56587e+08
3.31728e+11,3.63754e+08
3.35046e+11,3.71066e+08
3.38396e+11,3.78524e+08
3.4178e+11,3.86132e+08
3.45198e+11,3.93894e+08
3.4865e+11,4.01811e+08
3.52136e+11,4.09887e+08
3.55658e+11,4.18126e+08
3.59214e+11,4.2653e+08
3.62806e+11,4.35104e+08
3.66434e+11,4.43849e+08
3.70099e+11,4.5277e+08
3.738e+11,4.61871e+08
3.77538e+11,4.71155e+08
3.81313e+11,4.80625e+08
3.85126e+11,4.90286e+08
3.88978e+11,5.0014e+08
3.92867e+11,5.10193e+08
3.96796e+11,5.20448e+08
4.00764e+11,5.30909e+08
4.04772e+11,5.4158e+08
4.08819e+11,5.52466e+08
4.12907e+11,5.63571e+08
4.17037e+11,5.74898e+08
4.21207e+11,5.86454e+08
4.25419e+11,5.98242e+08
4.29673e+11,6.10266e+08
4.3397e+11,6.22533e+08
4.3831e+11,6.35045e+08
4.42693e+11,6.4781e+08
4.4712e+11,6.60831e+08
4.51591e+11,6.74114e+08
4.56107e+11,6.87663e+08
4.60668e+11,7.01485e+08
4.65274e+11,7.15585e+08
4.69927e+11,7.29968e+08
4.74626e+11,7.44641e+08
4.79373e+11,7.59608e+08
4.84166e+11,7.74876e+08
4.89008e+11,7.90451e+08
4.93898e+11,8.06339e+08
4.98837e+11,8.22547e+08
5.03826e+11,8.3908e+08
5.08864e+11,8.55945e+08
5.13952e+11,8.7315e+08
5.19092e+11,8.907e+08
5.24283e+11,9.08603e+08
5.29526e+11,9.26866e+08
5.34821e+11,9.45496e+08
5.40169e+11,9.64501e+08
5.45571e+11,9.83887e+08
5.51027e+11,1.00366e+09
5.56537e+11,1.02384e+09
5.62102e+11,1.04442e+09
5.67723e+11,1.06541e+09
5.734e+11,1.08682e+09
5.79134e+11,1.10867e+09
5.84926e+11,1.13095e+09
5.90775e+11,1.15368e+09
5.96683e+11,1.17687e+09
6.0265e+11,1.20053e+09
6.08676e+11,1.22466e+09
6.14763e+11,1.24928e+09
6.20911e+11,1.27439e+09
6.2712e+11,1.3e+09
6.33391e+11,1.32613e+09
6.39725e+11,1.35279e+09
6.46122e+11,1.37998e+09
6.52583e+11,1.40771e+09
6.59109e+11,1.43601e+09
6.657e+11,1.46487e+09
6.72357e+11,1.49432e+09
6.79081e+11,1.52435e+09
6.85872e+11,1.55499e+09
6.9273e+11,1.58625e+09
6.99658e+11,1.61813e+09
7.06654e+11,1.65066e+09
7.13721e+11,1.68383e+09
7.20858e+11,1.71768e+09
7.28066e+11,1.7522e+09
7.35347e+11,1.78742e+09
7.42701e+11,1.82335e+09
7.50128e+11,1.86e+09
7.57629e+11,1.89739e+09
7.65205e+11,1.93552e+09
7.72857e+11,1.97443e+09
7.80586e+11,2.01411e+09
7.88392e+11,2.0546e+09
7.96276e+11,2.0959e+09
8.04238e+11,2.13802e+09
8.12281e+11,2.181e+09
8.20404e+11,2.22484e+09
8.28608e+11,2.26955e+09
8.36894e+11,2.31517e+09
8.45263e+11,2.36171e+09
8.53715e+11,2.40918e+09
8.62252e+11,2.4576e+09
8.70875e+11,2.507e+09
8.79584e+11,2.55739e+09
8.88379e+11,2.60879e+09
8.97263e+11,2.66123e+09
9.06236e+11,2.71472e+09
9.15298e+11,2.76929e+09
9.24451e+11,2.82495e+09
9.33696e+11,2.88173e+09
9.43033e+11,2.93965e+09
9.52463e+11,2.99874e+09
9.61988e+11,3.05902e+09
9.71608e+11,3.1205e+09
9.81324e+11,3.18322e+09
9.91137e+11,3.24721e+09
1.00105e+12,3.31248e+09
1.01106e+12,3.37906e+09
1.02117e+12,3.44698e+09
1.03138e+12,3.51626e+09
1.04169e+12,3.58694e+09
1.05211e+12,3.65904e+09
1.06263e+12,3.73258e+09
1.07326e+12,3.80761e+09
1.08399e+12,3.88414e+09
1.09483e+12,3.96221e+09
1.10578e+12,4.04185e+09
1.11684e+12,4.12309e+09
1.12801e+12,4.20597e+09
1.13929e+12,4.29051e+09
1.15068e+12,4.37675e+09
1.16219e+12,4.46472e+09
1.17381e+12,4.55446e+09
1.18555e+12,4.646e+09
1.1974e+12,4.73939e+09
1.20938e+12,4.83465e+09
1.22147e+12,4.93183e+09
1.23368e+12,5.03096e+09
1.24602e+12,5.13208e+09
1.25848e+12,5.23523e+09
1.27107e+12,5.34046e+09
1.28378e+12,5.4478e+09
1.29661e+12,5.55731e+09
1.30958e+12,5.66901e+09
1.32268e+12,5.78295e+09
1.3359e+12,5.89919e+09
1.34926e+12,6.01777e+09
1.36275e+12,6.13872e+09
1.37638e+12,6.26211e+09
1.39015e+12,6.38798e+09
1.40405e+12,6.51638e+09
1.41809e+12,6.64736e+09
1.43227e+12,6.78097e+09
1.44659e+12,6.91727e+09
1.46106e+12,7.0563e+09
1.47567e+12,7.19813e+09
1.49042e+12,7.34282e+09
1.50533e+12,7.49041e+09
1.52038e+12,7.64097e+09
1.53559e+12,7.79455e+09
1.55094e+12,7.95122e+09
1.56645e+12,8.11104e+09
1.58212e+12,8.27407e+09
1.59794e+12,8.44038e+09
1.61392e+12,8.61003e+09
1.63006e+12,8.78309e+09
1.64636e+12,8.95963e+09
1.66282e+12,9.13972e+09
1.67945e+12,9.32343e+09
1.69624e+12,9.51083e+09
1.7132e+12,9.702e+09
1.73034e+12,9.89701e+09
1.74764e+12,1.00959e+10
1.76512e+12,1.02989e+10
1.78277e+12,1.05059e+10
1.8006e+12,1.0717e+10
1.8186e+12,1.09325e+10
1.83679e+12,1.11522e+10
1.85515e+12,1.13764e+10
1.87371e+12,1.1605e+10
1.89244e+12,1.18383e+10
1.91137e+12,1.20762e+10
1.93048e+12,1.2319e+10
1.94979e+12,1.25666e+10
1.96928e+12,1.28192e+10
1.98898e+12,1.30768e+10
2.00887e+12,1.33397e+10
2.02896e+12,1.36078e+10
2.04925e+12,3.37589e+10
2.06974e+12,3.53502e+10
2.09043e+12,3.69275e+10
2.11134e+12,3.84898e+10
2.13245e+12,4.00365e+10
2.15378e+12,4.15669e+10
2.17531e+12,4.308e+10
2.19707e+12,4.4575e+10
2.21904e+12,4.60512e+10
2.24123e+12,4.75076e+10
2.26364e+12,4.89434e+10
2.28628e+12,5.03576e+10
2.30914e+12,5.17493e+10
2.33223e+12,5.31175e+10
2.35555e+12,5.44613e+10
2.37911e+12,5.57796e+10
2.4029e+12,5.70715e+10
2.42693e+12,5.83357e+10
2.4512e+12,5.95713e+10
2.47571e+12,6.07772e+10
2.50047e+12,6.19521e+10
2.52547e+12,6.3095e+10
2.55073e+12,6.42046e+10
2.57624e+12,6.52796e+10
2.602e+12,6.63189e+10
2.62802e+12,6.73211e+10
2.6543e+12,6.82849e+10
2.68084e+12,6.9209e+10
2.70765e+12,7.00919e+10
2.73473e+12,7.09323e+10
2.76207e+12,7.17286e+10
2.78969e+12,7.24794e+10
2.81759e+12,7.31832e+10
2.84577e+12,7.38383e+10
2.87422e+12,7.44432e+10
2.90297e+12,8.52415e+10
2.932e+12,8.61396e+10
2.96132e+12,8.71014e+10
2.99093e+12,8.81286e+10
3.02084e+12,8.92231e+10
3.05105e+12,9.03867e+10
3.08156e+12,9.16213e+10
3.11237e+12,9.29286e+10
3.1435e+12,9.43108e+10
3.17493e+12,9.57697e+10
3.20668e+12,9.73074e+10
3.23875e+12,9.8926e+10
3.27114e+12,1.00628e+11
3.30385e+12,1.02414e+11
3.33688e+12,1.04289e+11
3.37025e+12,1.06252e+11
3.40396e+12,1.08308e+11
3.438e+12,1.10458e+11
3.47238e+12,1.12705e+11
3.5071e+12,1.15052e+11
3.54217e+12,1.175e+11
3.57759e+12,1.2005e+11
3.61337e+12,1.22703e+11
3.6495e+12,1.25462e+11
3.686e+12,1.28329e+11
3.72286e+12,1.31306e+11
3.76009e+12,1.34397e+11
3.79769e+12,1.37605e+11
3.83566e+12,1.40932e+11
3.87402e+12,1.44381e+11
3.91276e+12,1.47955e+11
3.95189e+12,1.51658e+11
3.99141e+12,1.55492e+11
4.03132e+12,1.59461e+11
4.07163e+12,1.63568e+11
4.11235e+12,1.67785e+11
4.15347e+12,1.71989e+11
4.19501e+12,1.76166e+11
4.23696e+12,1.80313e+11
4.27933e+12,1.84428e+11
4.32212e+12,1.88511e+11
4.36534e+12,1.92558e+11
4.409e+12,1.96569e+11
4.45309e+12,2.00541e+11
4.49762e+12,2.04473e+11
4.54259e+12,2.08361e+11
4.58802e+12,2.12033e+11
4.6339e+12,2.15535e+11
4.68024e+12,2.19205e+11
4.72704e+12,2.23047e+11
4.77431e+12,2.27064e+11
4.82205e+12,2.31263e+11
4.87027e+12,2.35647e+11
4.91898e+12,2.40221e+11
4.96817e+12,2.44991e+11
5.01785e+12,2.55851e+11
5.06803e+12,2.61156e+11
5.11871e+12,2.66484e+11
5.16989e+12,2.71835e+11
5.22159e+12,2.77209e+11
5.27381e+12,2.82605e+11
5.32655e+12,2.88022e+11
5.37981e+12,2.93461e+11
5.43361e+12,2.98921e+11
5.48795e+12,3.04401e+11
5.54283e+12,3.09901e+11
5.59825e+12,3.1542e+11
5.65424e+12,3.20958e+11
5.71078e+12,3.26515e+11
5.76789e+12,3.32089e+11
5.82557e+12,3.37807e+11
5.88382e+12,3.43958e+11
5.94266e+12,3.50567e+11
6.00209e+12,3.57646e+11
6.06211e+12,3.65207e+11
6.12273e+12,3.73264e+11
6.18396e+12,3.88072e+11
6.2458e+12,3.98371e+11
6.30825e+12,4.08507e+11
6.37134e+12,4.18473e+11
6.43505e+12,4.28261e+11
6.4994e+12,4.3755e+11
6.56439e+12,4.46403e+11
6.63004e+12,4.55064e+11
6.69634e+12,4.63524e+11
6.7633e+12,4.71776e+11
6.83093e+12,4.79872e+11
6.89924e+12,4.8795e+11
6.96824e+12,4.96011e+11
7.03792e+12,5.04054e+11
7.1083e+12,5.12122e+11
7.17938e+12,5.20638e+11
7.25117e+12,5.2972e+11
7.32369e+12,5.39382e+11
7.39692e+12,5.50648e+11
7.47089e+12,5.64648e+11
7.5456e+12,5.79946e+11
7.62106e+12,5.96578e+11
7.69727e+12,6.10413e+11
7.77424e+12,6.22435e+11
7.85198e+12,6.34666e+11
7.9305e+12,6.47109e+11
8.00981e+12,6.59769e+11
8.08991e+12,6.72649e+11
8.17081e+12,6.85754e+11
8.25251e+12,6.98873e+11
8.33504e+12,7.11731e+11
8.41839e+12,7.24319e+11
8.50257e+12,7.423e+11
8.5876e+12,7.57026e+11
8.67347e+12,7.71619e+11
8.76021e+12,7.86782e+11
8.84781e+12,8.03182e+11
8.93629e+12,8.20792e+11
9.02565e+12,8.38727e+11
9.11591e+12,8.56681e+11
9.20707e+12,8.74467e+11
9.29914e+12,8.91592e+11
9.39213e+12,9.07842e+11
9.48605e+12,9.23574e+11
9.58091e+12,9.39586e+11
9.67672e+12,9.62181e+11
9.77349e+12,9.82141e+11
9.87122e+12,1.00221e+12
9.96994e+12,1.02239e+12
1.00696e+13,1.04266e+12
1.01703e+13,1.063e+12
1.0272e+13,1.08562e+12
1.03748e+13,1.11087e+12
1.04785e+13,1.13414e+12
1.05833e+13,1.15544e+12
1.06891e+13,1.17731e+12
1.0796e+13,1.20135e+12
1.0904e+13,1.22778e+12
1.1013e+13,1.25634e+12
1.11231e+13,1.28081e+12
1.12344e+13,1.30485e+12
1.13467e+13,1.32866e+12
1.14602e+13,1.35261e+12
1.15748e+13,1.37672e+12
1.16905e+13,1.40298e+12
1.18074e+13,1.43224e+12
1.19255e+13,1.46487e+12
1.20448e+13,1.49858e+12
1.21652e+13,1.53112e+12
1.22869e+13,1.56431e+12
1.24097e+13,1.59707e+12
1.25338e+13,1.62872e+12
1.26592e+13,1.65929e+12
1.27858e+13,1.68922e+12
1.29136e+13,1.71906e+12
1.30428e+13,1.74873e+12
1.31732e+13,1.7879e+12
1.33049e+13,1.8287e+12
1.3438e+13,1.86777e+12
1.35723e+13,1.90744e+12
1.37081e+13,1.94744e+12
1.38452e+13,1.98523e+12
1.39836e+13,2.02246e+12
1.41234e+13,2.05996e+12
1.42647e+13,2.09919e+12
1.44073e+13,2.14328e+12
1.45514e+13,2.18792e+12
1.46969e+13,2.23577e+12
1.48439e+13,2.2839e+12
1.49923e+13,2.33003e+12
1.51422e+13,2.37582e+12
1.52937e+13,2.4202e+12
1.54466e+13,2.46649e+12
1.56011e+13,2.51691e+12
1.57571e+13,2.56747e+12
1.59146e+13,2.61779e+12
1.60738e+13,2.67341e+12
1.62345e+13,2.72878e+12
1.63969e+13,2.78479e+12
1.65608e+13,2.8399e+12
1.67264e+13,2.89927e+12
1.68937e+13,2.95865e+12
1.70627e+13,3.01721e+12
1.72333e+13,3.0744e+12
1.74056e+13,3.13214e+12
1.75797e+13,3.19706e+12
1.77555e+13,3.26114e+12
1.7933e+13,3.33267e+12
1.81123e+13,3.40124e+12
1.82935e+13,3.47067e+12
1.84764e+13,3.54024e+12
1.86612e+13,3.6067e+12
1.88478e+13,3.67186e+12
1.90363e+13,3.7508e+12
1.92266e+13,3.83237e+12
1.94189e+13,3.91282e+12
1.96131e+13,3.9899e+12
1.98092e+13,4.06711e+12
2.00073e+13,4.14352e+12
2.02074e+13,4.22426e+12
2.04094e+13,4.31515e+12
2.06135e+13,4.40833e+12
2.08197e+13,4.4982e+12
2.10279e+13,4.58672e+12
2.12382e+13,4.67393e+12
2.14505e+13,4.76729e+12
2.1665e+13,4.86062e+12
2.18817e+13,4.96313e+12
2.21005e+13,5.06581e+12
2.23215e+13,5.16631e+12
2.25447e+13,5.27011e+12
2.27702e+13,5.37837e+12
2.29979e+13,5.48391e+12
2.32279e+13,5.59108e+12
2.34601e+13,5.70578e+12
2.36947e+13,5.81992e+12
2.39317e+13,5.94183e+12
2.4171e+13,6.06119e+12
2.44127e+13,6.17948e+12
2.46568e+13,6.29943e+12
2.49034e+13,6.42952e+12
2.51524e+13,6.56526e+12
2.5404e+13,6.69864e+12
2.5658e+13,6.82878e+12
2.59146e+13,6.95822e+12
2.61737e+13,7.10044e+12
2.64355e+13,7.25155e+12
2.66998e+13,7.40093e+12
2.69668e+13,7.54546e+12
2.72365e+13,7.69044e+12
2.75089e+13,7.84468e+12
2.77839e+13,8.00975e+12
2.80618e+13,8.17134e+12
2.83424e+13,8.33092e+12
2.86258e+13,8.50151e+12
2.89121e+13,8.6694e+12
2.92012e+13,8.8474e+12
2.94932e+13,9.02366e+12
2.97881e+13,9.2079e+12
3.0086e+13,9.3922e+12
3.03869e+13,9.57423e+12
3.06908e+13,9.76997e+12
3.09977e+13,9.97428e+12
3.13076e+13,1.01749e+13
3.16207e+13,1.03722e+13
3.19369e+13,1.05751e+13
3.22563e+13,1.07989e+13
3.25789e+13,1.10184e+13
3.29046e+13,1.12352e+13
3.32337e+13,1.14542e+13
3.3566e+13,1.16943e+13
3.39017e+13,1.19302e+13
3.42407e+13,1.21632e+13
3.45831e+13,1.24084e+13
3.49289e+13,1.26631e+13
3.52782e+13,1.29176e+13
3.5631e+13,1.31765e+13
3.59873e+13,1.34392e+13
3.63472e+13,1.37082e+13
3.67107e+13,1.39869e+13
3.70778e+13,1.42731e+13
3.74486e+13,1.45525e+13
3.7823e+13,1.48422e+13
3.82013e+13,1.51501e+13
3.85833e+13,1.54536e+13
3.89691e+13,1.57528e+13
3.93588e+13,1.60813e+13
3.97524e+13,1.64065e+13
4.01499e+13,1.6726e+13
4.05514e+13,1.70642e+13
4.09569e+13,1.74159e+13
4.13665e+13,1.77608e+13
4.17802e+13,1.81174e+13
4.2198e+13,1.84829e+13
4.26199e+13,1.88553e+13
4.30461e+13,1.92368e+13
4.34766e+13,1.96163e+13
4.39114e+13,2.00174e+13
4.43505e+13,2.0421e+13
4.4794e+13,2.08187e+13
4.52419e+13,2.12512e+13
4.56944e+13,2.16781e+13
4.61513e+13,2.21032e+13
4.66128e+13,2.25575e+13
4.70789e+13,2.30102e+13
4.75497e+13,2.34691e+13
4.80252e+13,2.39442e+13
4.85055e+13,2.44243e+13
4.89905e+13,2.49148e+13
4.94804e+13,2.54208e+13
4.99752e+13,2.60796e+13
5.0475e+13,2.74989e+13
5.09797e+13,3.15434e+13
5.14895e+13,4.15734e+13
5.20044e+13,5.62064e+13
5.25245e+13,5.97411e+13
5.30497e+13,6.21072e+13
5.35802e+13,6.45486e+13
5.4116e+13,6.70482e+13
5.46572e+13,6.96114e+13
5.52038e+13,7.22693e+13
5.57558e+13,7.50121e+13
5.63134e+13,7.78238e+13
5.68765e+13,8.07064e+13
5.74453e+13,8.36787e+13
5.80197e+13,8.6744e+13
5.85999e+13,8.98936e+13
5.91859e+13,9.3122e+13
5.97778e+13,9.6437e+13
6.03755e+13,9.98418e+13
6.09793e+13,1.03359e+14
6.15891e+13,1.0697e+14
6.2205e+13,1.10673e+14
6.2827e+13,1.14475e+14
6.34553e+13,1.18376e+14
6.40898e+13,1.22383e+14
6.47307e+13,1.26503e+14
6.53781e+13,1.30744e+14
6.60318e+13,1.35097e+14
6.66922e+13,1.39565e+14
6.73591e+13,1.44144e+14
6.80327e+13,1.48843e+14
6.8713e+13,1.46196e+14
6.94001e+13,1.41039e+14
7.00941e+13,1.35603e+14
7.07951e+13,1.29864e+14
7.1503e+13,1.23825e+14
7.2218e+13,1.17462e+14
7.29402e+13,1.10787e+14
7.36696e+13,1.03795e+14
7.44063e+13,1.24285e+14
7.51504e+13,0
7.59019e+13,0
7.66609e+13,0
7.74275e+13,0
7.82018e+13,0
7.89838e+13,0
7.97736e+13,0
8.05714e+13,0
8.13771e+13,0
8.21909e+13,0
8.30128e+13,0
8.38429e+13,0
8.46813e+13,0
8.55281e+13,0
8.63834e+13,0
8.72473e+13,0
8.81197e+13,0
8.90009e+13,0
8.98909e+13,0
9.07899e+13,0
9.16978e+13,0
9.26147e+13,0
9.35409e+13,0
9.44763e+13,0
9.5421e+13,0
9.63753e+13,0
9.7339e+13,0
9.83124e+13,0
9.92955e+13,0
