0,0
1,1.0017e-14
1.01,1.02183e-14
1.0201,1.04237e-14
1.0303,1.06332e-14
1.0406,1.0847e-14
1.05101,1.1065e-14
1.06152,1.12874e-14
1.07214,1.15143e-14
1.08286,1.17457e-14
1.09369,1.19818e-14
1.10462,1.22226e-14
1.11567,1.24683e-14
1.12683,1.27189e-14
1.13809,1.29746e-14
1.14947,1.32354e-14
1.16097,1.35014e-14
1.17258,1.37728e-14
1.1843,1.40496e-14
1.19615,1.4332e-14
1.20811,1.46201e-14
1.22019,1.49139e-14
1.23239,1.52137e-14
1.24472,1.55195e-14
1.25716,1.58315e-14
1.26973,1.61497e-14
1.28243,1.64743e-14
1.29526,1.68054e-14
1.30821,1.71432e-14
1.32129,1.74878e-14
1.3345,1.78393e-14
1.34785,1.81978e-14
1.36133,1.85636e-14
1.37494,1.89368e-14
1.38869,1.93174e-14
1.40258,1.97057e-14
1.4166,2.01017e-14
1.43077,2.05058e-14
1.44508,2.0918e-14
1.45953,2.13384e-14
1.47412,2.17673e-14
1.48886,2.22048e-14
1.50375,2.26511e-14
1.51879,2.31064e-14
1.53398,2.35709e-14
1.54932,2.40446e-14
1.56481,2.45279e-14
1.58046,2.5021e-14
1.59626,2.55239e-14
1.61223,2.60369e-14
1.62835,2.65603e-14
1.64463,2.70941e-14
1.66108,2.76387e-14
1.67769,2.81942e-14
1.69447,2.87609e-14
1.71141,2.9339e-14
1.72852,2.99288e-14
1.74581,3.05303e-14
1.76327,3.1144e-14
1.7809,3.177e-14
1.79871,3.24086e-14
1.8167,3.306e-14
1.83486,3.37245e-14
1.85321,3.44023e-14
1.87174,3.50938e-14
1.89046,3.57992e-14
1.90937,3.65188e-14
1.92846,3.72528e-14
1.94774,3.80016e-14
1.96722,3.87654e-14
1.98689,3.95446e-14
2.00676,4.03394e-14
2.02683,4.11503e-14
2.0471,4.19774e-14
2.06757,4.28211e-14
2.08825,4.36818e-14
2.10913,4.45598e-14
2.13022,4.54555e-14
2.15152,4.63691e-14
2.17304,4.73012e-14
2.19477,4.82519e-14
2.21672,4.92218e-14
2.23888,5.02111e-14
2.26127,5.12204e-14
2.28388,5.22499e-14
2.30672,5.33001e-14
2.32979,5.43715e-14
2.35309,5.54643e-14
2.37662,5.65792e-14
2.40038,5.77164e-14
2.42439,5.88765e-14
2.44863,6.00599e-14
2.47312,6.12671e-14
2.49785,6.24986e-14
2.52283,6.37548e-14
2.54806,6.50363e-14
2.57354,6.63435e-14
2.59927,6.7677e-14
2.62527,6.90373e-14
2.65152,7.0425e-14
2.67803,7.18405e-14
2.70481,7.32845e-14
2.73186,7.47575e-14
2.75918,7.62602e-14
2.78677,7.7793e-14
2.81464,7.93566e-14
2.84279,8.09517e-14
2.87121,8.25788e-14
2.89993,8.42387e-14
2.92893,8.59319e-14
2.95822,8.76591e-14
2.9878,8.94211e-14
3.01768,9.12184e-14
3.04785,9.30519e-14
3.07833,9.49223e-14
3.10911,9.68302e-14
3.1402,9.87765e-14
3.17161,1.00762e-13
3.20332,1.02787e-13
3.23536,1.04853e-13
3.26771,1.06961e-13
3.30039,1.09111e-13
3.33339,1.11304e-13
3.36672,1.13541e-13
3.40039,1.15823e-13
3.4344,1.18151e-13
3.46874,1.20526e-13
3.50343,1.22949e-13
3.53846,1.2542e-13
3.57385,1.27941e-13
3.60958,1.30512e-13
3.64568,1.33136e-13
3.68214,1.35812e-13
3.71896,1.38542e-13
3.75615,1.41326e-13
3.79371,1.44167e-13
3.83165,1.47065e-13
3.86996,1.50021e-13
3.90866,1.53036e-13
3.94775,1.56112e-13
3.98723,1.5925e-13
4.0271,1.62451e-13
4.06737,1.65716e-13
4.10804,1.69047e-13
4.14912,1.72445e-13
4.19062,1.75911e-13
4.23252,1.79447e-13
4.27485,1.83054e-13
4.3176,1.86733e-13
4.36077,1.90486e-13
4.40438,1.94315e-13
4.44842,1.98221e-13
4.49291,2.02205e-13
4.53784,2.0627e-13
4.58321,2.10416e-13
4.62905,2.14645e-13
4.67534,2.18959e-13
4.72209,2.2336e-13
4.76931,2.2785e-13
4.817,2.3243e-13
4.86517,2.37102e-13
4.91383,2.41867e-13
4.96296,2.46729e-13
5.01259,2.51688e-13
5.06272,2.56747e-13
5.11335,2.61908e-13
5.16448,2.67172e-13
5.21613,2.72542e-13
5.26829,2.7802e-13
5.32097,2.83608e-13
5.37418,2.89309e-13
5.42792,2.95124e-13
5.4822,3.01056e-13
5.53702,3.07107e-13
5.59239,3.1328e-13
5.64832,3.19577e-13
5.7048,3.26001e-13
5.76185,3.32553e-13
5.81947,3.39238e-13
5.87766,3.46056e-13
5.93644,3.53012e-13
5.9958,3.60107e-13
6.05576,3.67346e-13
6.11632,3.74729e-13
6.17748,3.82261e-13
6.23926,3.89945e-13
6.30165,3.97783e-13
6.36466,4.05778e-13
6.42831,4.13934e-13
6.49259,4.22254e-13
6.55752,4.30742e-13
6.6231,4.394e-13
6.68933,4.48231e-13
6.75622,4.57241e-13
6.82378,4.66431e-13
6.89202,4.75807e-13
6.96094,4.8537e-13
7.03055,4.95126e-13
7.10085,5.05078e-13
7.17186,5.15231e-13
7.24358,5.25587e-13
7.31602,5.36151e-13
7.38918,5.46928e-13
7.46307,5.57921e-13
7.5377,5.69135e-13
7.61308,5.80575e-13
7.68921,5.92244e-13
7.7661,6.04148e-13
7.84376,6.16292e-13
7.9222,6.28679e-13
8.00142,6.41316e-13
8.08144,6.54206e-13
8.16225,6.67356e-13
8.24387,6.80769e-13
8.32631,6.94453e-13
8.40957,7.08411e-13
8.49367,7.2265e-13
8.57861,7.37176e-13
8.66439,7.51993e-13
8.75104,7.67108e-13
8.83855,7.82527e-13
8.92693,7.98256e-13
9.0162,8.14301e-13
9.10636,8.30668e-13
9.19743,8.47364e-13
9.2894,8.64397e-13
9.3823,8.81771e-13
9.47612,8.99494e-13
9.57088,9.17574e-13
9.66659,9.36018e-13
9.76325,9.54832e-13
9.86089,9.74024e-13
9.9595,9.93602e-13
10.0591,1.01357e-12
10.1597,1.03395e-12
10.2613,1.05473e-12
10.3639,1.07593e-12
10.4675,1.09755e-12
10.5722,1.11962e-12
10.6779,1.14212e-12
10.7847,1.16508e-12
10.8926,1.18849e-12
11.0015,1.21238e-12
11.1115,1.23675e-12
11.2226,1.26161e-12
11.3348,1.28697e-12
11.4482,1.31284e-12
11.5627,1.33922e-12
11.6783,1.36614e-12
11.7951,1.3936e-12
11.913,1.42161e-12
12.0322,1.45019e-12
12.1525,1.47934e-12
12.274,1.50907e-12
12.3967,1.5394e-12
12.5207,1.57035e-12
12.6459,1.60191e-12
12.7724,1.63411e-12
12.9001,1.66695e-12
13.0291,1.70046e-12
13.1594,1.73464e-12
13.291,1.76951e-12
13.4239,1.80507e-12
13.5581,1.84135e-12
13.6937,1.87837e-12
13.8307,1.91612e-12
13.969,1.95463e-12
14.1086,1.99392e-12
14.2497,2.034e-12
14.3922,2.07488e-12
14.5362,2.11659e-12
14.6815,2.15913e-12
14.8283,2.20253e-12
14.9766,2.2468e-12
15.1264,2.29196e-12
15.2776,2.33803e-12
15.4304,2.38503e-12
15.5847,2.43297e-12
15.7406,2.48187e-12
15.898,2.53175e-12
16.057,2.58264e-12
16.2175,2.63455e-12
16.3797,2.68751e-12
16.5435,2.74153e-12
16.7089,2.79663e-12
16.876,2.85284e-12
17.0448,2.91019e-12
17.2152,2.96868e-12
17.3874,3.02835e-12
17.5613,3.08922e-12
17.7369,3.15131e-12
17.9142,3.21465e-12
18.0934,3.27927e-12
18.2743,3.34518e-12
18.4571,3.41242e-12
18.6416,3.48101e-12
18.828,3.55098e-12
19.0163,3.62235e-12
19.2065,3.69516e-12
19.3986,3.76944e-12
19.5925,3.8452e-12
19.7885,3.92249e-12
19.9864,4.00133e-12
20.1862,4.08176e-12
20.3881,4.1638e-12
20.592,4.24749e-12
20.7979,4.33287e-12
21.0059,4.41996e-12
21.2159,4.5088e-12
21.4281,4.59943e-12
21.6424,4.69188e-12
21.8588,4.78618e-12
22.0774,4.88239e-12
22.2981,4.98052e-12
22.5211,5.08063e-12
22.7463,5.18275e-12
22.9738,5.28692e-12
23.2035,5.39319e-12
23.4356,5.50159e-12
23.6699,5.61218e-12
23.9066,5.72498e-12
24.1457,5.84005e-12
24.3871,5.95744e-12
24.631,6.07718e-12
24.8773,6.19933e-12
25.1261,6.32394e-12
25.3774,6.45105e-12
25.6311,6.58072e-12
25.8874,6.71299e-12
26.1463,6.84792e-12
26.4078,6.98556e-12
26.6719,7.12597e-12
26.9386,7.26921e-12
27.208,7.41532e-12
27.48,7.56437e-12
27.7548,7.71641e-12
28.0324,7.87151e-12
28.3127,8.02973e-12
28.5958,8.19112e-12
28.8818,8.35577e-12
29.1706,8.52372e-12
29.4623,8.69504e-12
29.757,8.86981e-12
30.0545,9.0481e-12
30.3551,9.22996e-12
30.6586,9.41549e-12
30.9652,9.60474e-12
31.2749,9.79779e-12
31.5876,9.99473e-12
31.9035,1.01956e-11
32.2225,1.04006e-11
32.5447,1.06096e-11
32.8702,1.08229e-11
33.1989,1.10404e-11
33.5309,1.12623e-11
33.8662,1.14887e-11
34.2049,1.17196e-11
34.5469,1.19552e-11
34.8924,1.21955e-11
35.2413,1.24406e-11
35.5937,1.26907e-11
35.9496,1.29457e-11
36.3091,1.32059e-11
36.6722,1.34714e-11
37.039,1.37422e-11
37.4093,1.40184e-11
37.7834,1.43001e-11
38.1613,1.45876e-11
38.5429,1.48808e-11
38.9283,1.51799e-11
39.3176,1.5485e-11
39.7108,1.57963e-11
40.1079,1.61138e-11
40.509,1.64376e-11
40.914,1.6768e-11
41.3232,1.71051e-11
41.7364,1.74489e-11
42.1538,1.77996e-11
42.5753,1.81574e-11
43.0011,1.85224e-11
43.4311,1.88947e-11
43.8654,1.92744e-11
44.304,1.96618e-11
44.7471,2.00571e-11
45.1946,2.04602e-11
45.6465,2.08714e-11
46.103,2.1291e-11
46.564,2.17189e-11
47.0296,2.21555e-11
47.4999,2.26008e-11
47.9749,2.30551e-11
48.4547,2.35185e-11
48.9392,2.39912e-11
49.4286,2.44734e-11
49.9229,2.49653e-11
50.4221,2.54671e-11
50.9264,2.5979e-11
51.4356,2.65012e-11
51.95,2.70339e-11
52.4695,2.75773e-11
52.9942,2.81316e-11
53.5241,2.8697e-11
54.0594,2.92738e-11
54.6,2.98622e-11
55.146,3.04624e-11
55.6974,3.10747e-11
56.2544,3.16993e-11
56.8169,3.23365e-11
57.3851,3.29865e-11
57.9589,3.36495e-11
58.5385,3.43259e-11
59.1239,3.50158e-11
59.7152,3.57196e-11
60.3123,3.64376e-11
60.9154,3.717e-11
61.5246,3.79171e-11
62.1398,3.86792e-11
62.7612,3.94567e-11
63.3888,4.02498e-11
64.0227,4.10588e-11
64.663,4.18841e-11
65.3096,4.27259e-11
65.9627,4.35847e-11
66.6223,4.44608e-11
67.2885,4.53544e-11
67.9614,4.62661e-11
68.641,4.7196e-11
69.3275,4.81446e-11
70.0207,4.91124e-11
70.7209,5.00995e-11
71.4281,5.11065e-11
72.1424,5.21338e-11
72.8638,5.31816e-11
73.5925,5.42506e-11
74.3284,5.5341e-11
75.0717,5.64534e-11
75.8224,5.75881e-11
76.5806,5.87456e-11
77.3464,5.99264e-11
78.1199,6.11309e-11
78.9011,6.23597e-11
79.6901,6.36131e-11
80.487,6.48917e-11
81.2919,6.6196e-11
82.1048,6.75266e-11
82.9259,6.88839e-11
83.7551,7.02684e-11
84.5927,7.16808e-11
85.4386,7.31216e-11
86.293,7.45913e-11
87.1559,7.60906e-11
88.0275,7.76201e-11
88.9077,7.91802e-11
89.7968,8.07717e-11
90.6948,8.23953e-11
91.6017,8.40514e-11
92.5178,8.57408e-11
93.4429,8.74642e-11
94.3774,8.92223e-11
95.3211,9.10156e-11
96.2743,9.2845e-11
97.2371,9.47112e-11
98.2095,9.66149e-11
99.1916,9.85569e-11
100.183,1.00538e-10
101.185,1.02559e-10
102.197,1.0462e-10
103.219,1.06723e-10
104.251,1.08868e-10
105.294,1.11056e-10
106.347,1.13289e-10
107.41,1.15566e-10
108.484,1.17889e-10
109.569,1.20258e-10
110.665,1.22675e-10
111.772,1.25141e-10
112.889,1.27656e-10
114.018,1.30222e-10
115.158,1.3284e-10
116.31,1.3551e-10
117.473,1.38234e-10
118.648,1.41012e-10
119.834,1.43846e-10
121.033,1.46738e-10
122.243,1.49687e-10
123.465,1.52696e-10
124.7,1.55765e-10
125.947,1.58896e-10
127.206,1.6209e-10
128.478,1.65348e-10
129.763,1.68671e-10
131.061,1.72062e-10
132.372,1.7552e-10
133.695,1.79048e-10
135.032,1.82647e-10
136.383,1.86318e-10
137.746,1.90063e-10
139.124,1.93883e-10
140.515,1.9778e-10
141.92,2.01756e-10
143.339,2.05811e-10
144.773,2.09948e-10
146.221,2.14168e-10
147.683,2.18473e-10
149.16,2.22864e-10
150.651,2.27343e-10
152.158,2.31913e-10
153.679,2.36574e-10
155.216,2.4133e-10
156.768,2.4618e-10
158.336,2.51129e-10
159.919,2.56176e-10
161.518,2.61325e-10
163.134,2.66578e-10
164.765,2.71936e-10
166.413,2.77402e-10
168.077,2.82978e-10
169.757,2.88666e-10
171.455,2.94468e-10
173.17,3.00387e-10
174.901,3.06425e-10
176.65,3.12584e-10
178.417,3.18867e-10
180.201,3.25276e-10
182.003,3.31814e-10
183.823,3.38483e-10
185.661,3.45287e-10
187.518,3.52227e-10
189.393,3.59307e-10
191.287,3.66529e-10
193.2,3.73896e-10
195.132,3.81411e-10
197.083,3.89078e-10
199.054,3.96898e-10
201.045,4.04876e-10
203.055,4.13014e-10
205.086,4.21316e-10
207.136,4.29784e-10
209.208,4.38423e-10
211.3,4.47235e-10
213.413,4.56224e-10
215.547,4.65394e-10
217.702,4.74749e-10
219.879,4.84291e-10
222.078,4.94026e-10
224.299,5.03956e-10
226.542,5.14085e-10
228.807,5.24418e-10
231.095,5.34959e-10
233.406,5.45712e-10
235.741,5.5668e-10
238.098,5.6787e-10
240.479,5.79284e-10
242.884,5.90928e-10
245.313,6.02805e-10
247.766,6.14922e-10
250.243,6.27281e-10
252.746,6.3989e-10
255.273,6.52752e-10
257.826,6.65872e-10
260.404,6.79256e-10
263.008,6.92909e-10
265.638,7.06836e-10
268.295,7.21044e-10
270.978,7.35537e-10
273.687,7.50321e-10
276.424,7.65403e-10
279.189,7.80787e-10
281.98,7.96481e-10
284.8,8.1249e-10
287.648,8.28821e-10
290.525,8.45481e-10
293.43,8.62475e-10
296.364,8.79811e-10
299.328,8.97495e-10
302.321,9.15534e-10
305.344,9.33937e-10
308.398,9.52709e-10
311.482,9.71858e-10
314.597,9.91393e-10
317.743,1.01132e-09
320.92,1.03165e-09
324.129,1.05238e-09
327.37,1.07354e-09
330.644,1.09511e-09
333.951,1.11713e-09
337.29,1.13958e-09
340.663,1.16249e-09
344.07,1.18585e-09
347.51,1.20969e-09
350.985,1.234e-09
354.495,1.25881e-09
358.04,1.28411e-09
361.621,1.30992e-09
365.237,1.33625e-09
368.889,1.36311e-09
372.578,1.3905e-09
376.304,1.41845e-09
380.067,1.44696e-09
383.868,1.47605e-09
387.706,1.50572e-09
391.583,1.53598e-09
395.499,1.56686e-09
399.454,1.59835e-09
403.449,1.63048e-09
407.483,1.66325e-09
411.558,1.69668e-09
415.674,1.73078e-09
419.83,1.76557e-09
424.029,1.80106e-09
428.269,1.83726e-09
432.552,1.87419e-09
436.877,1.91186e-09
441.246,1.95029e-09
445.658,1.98949e-09
450.115,2.02948e-09
454.616,2.07027e-09
459.162,2.11188e-09
463.754,2.15433e-09
468.391,2.19763e-09
473.075,2.24181e-09
477.806,2.28687e-09
482.584,2.33283e-09
487.41,2.37972e-09
492.284,2.42756e-09
497.207,2.47635e-09
502.179,2.52612e-09
507.201,2.5769e-09
512.273,2.6287e-09
517.396,2.68153e-09
522.57,2.73543e-09
527.795,2.79041e-09
533.073,2.8465e-09
538.404,2.90372e-09
543.788,2.96208e-09
549.226,3.02162e-09
554.718,3.08235e-09
560.265,3.14431e-09
565.868,3.20751e-09
571.527,3.27198e-09
577.242,3.33775e-09
583.014,3.40483e-09
588.844,3.47327e-09
594.733,3.54308e-09
600.68,3.6143e-09
606.687,3.68695e-09
612.754,3.76106e-09
618.881,3.83665e-09
625.07,3.91377e-09
631.321,3.99244e-09
637.634,4.07268e-09
644.011,4.15455e-09
650.451,4.23805e-09
656.955,4.32324e-09
663.525,4.41013e-09
670.16,4.49878e-09
676.862,4.5892e-09
683.63,4.68145e-09
690.466,4.77554e-09
697.371,4.87153e-09
704.345,4.96945e-09
711.388,5.06933e-09
718.502,5.17123e-09
725.687,5.27517e-09
732.944,5.3812e-09
740.273,5.48936e-09
747.676,5.5997e-09
755.153,5.71225e-09
762.705,5.82707e-09
770.332,5.94419e-09
778.035,6.06367e-09
785.815,6.18555e-09
793.673,6.30988e-09
801.61,6.43671e-09
809.626,6.56609e-09
817.722,6.69807e-09
825.9,6.8327e-09
834.159,6.97003e-09
842.5,7.11013e-09
850.925,7.25305e-09
859.435,7.39883e-09
868.029,7.54755e-09
876.709,7.69925e-09
885.476,7.85401e-09
894.331,8.01187e-09
903.274,8.17291e-09
912.307,8.33719e-09
921.43,8.50477e-09
930.644,8.67571e-09
939.951,8.85009e-09
949.35,9.02798e-09
958.844,9.20944e-09
968.432,9.39455e-09
978.117,9.58338e-09
987.898,9.77601e-09
997.777,9.97251e-09
1007.75,1.0173e-08
1017.83,1.03774e-08
1028.01,1.0586e-08
1038.29,1.07988e-08
1048.67,1.10159e-08
1059.16,1.12373e-08
1069.75,1.14631e-08
1080.45,1.16935e-08
1091.25,1.19286e-08
1102.17,1.21684e-08
1113.19,1.24129e-08
1124.32,1.26624e-08
1135.56,1.2917e-08
1146.92,1.31766e-08
1158.39,1.34414e-08
1169.97,1.37116e-08
1181.67,1.39872e-08
1193.49,1.42684e-08
1205.42,1.45551e-08
1217.48,1.48477e-08
1229.65,1.51461e-08
1241.95,1.54506e-08
1254.37,1.57611e-08
1266.91,1.60779e-08
1279.58,1.64011e-08
1292.38,1.67308e-08
1305.3,1.70671e-08
1318.35,1.74101e-08
1331.54,1.776e-08
1344.85,1.8117e-08
1358.3,1.84812e-08
1371.88,1.88526e-08
1385.6,1.92316e-08
1399.46,1.96181e-08
1413.45,2.00125e-08
1427.59,2.04147e-08
1441.86,2.0825e-08
1456.28,2.12436e-08
1470.85,2.16706e-08
1485.55,2.21062e-08
1500.41,2.25505e-08
1515.41,2.30038e-08
1530.57,2.34662e-08
1545.87,2.39379e-08
1561.33,2.4419e-08
1576.95,2.49098e-08
1592.71,2.54105e-08
1608.64,2.59213e-08
1624.73,2.64423e-08
1640.98,2.69738e-08
1657.39,2.75159e-08
1673.96,2.8069e-08
1690.7,2.86332e-08
1707.61,2.92087e-08
1724.68,2.97958e-08
1741.93,3.03947e-08
1759.35,3.10057e-08
1776.94,3.16289e-08
1794.71,3.22646e-08
1812.66,3.29131e-08
1830.78,3.35747e-08
1849.09,3.42495e-08
1867.58,3.4938e-08
1886.26,3.56402e-08
1905.12,3.63566e-08
1924.17,3.70873e-08
1943.41,3.78328e-08
1962.85,3.85932e-08
1982.48,3.9369e-08
2002.3,4.01603e-08
2022.32,4.09675e-08
2042.55,4.17909e-08
2062.97,4.26309e-08
2083.6,4.34878e-08
2104.44,4.43619e-08
2125.48,4.52536e-08
2146.74,4.61632e-08
2168.21,4.70911e-08
2189.89,4.80376e-08
2211.79,4.90032e-08
2233.9,4.99881e-08
2256.24,5.09929e-08
2278.81,5.20179e-08
2301.59,5.30634e-08
2324.61,5.413e-08
2347.86,5.5218e-08
2371.34,5.63279e-08
2395.05,5.74601e-08
2419,5.8615e-08
2443.19,5.97932e-08
2467.62,6.0995e-08
2492.3,6.2221e-08
2517.22,6.34717e-08
2542.39,6.47474e-08
2567.82,6.60489e-08
2593.49,6.73765e-08
2619.43,6.87307e-08
2645.62,7.01122e-08
2672.08,7.15215e-08
2698.8,7.2959e-08
2725.79,7.44255e-08
2753.05,7.59215e-08
2780.58,7.74475e-08
2808.38,7.90042e-08
2836.47,8.05922e-08
2864.83,8.22121e-08
2893.48,8.38645e-08
2922.41,8.55502e-08
2951.64,8.72698e-08
2981.15,8.90239e-08
3010.97,9.08133e-08
3041.08,9.26386e-08
3071.49,9.45007e-08
3102.2,9.64001e-08
3133.22,9.83378e-08
3164.56,1.00314e-07
3196.2,1.02331e-07
3228.16,1.04388e-07
3260.45,1.06486e-07
3293.05,1.08626e-07
3325.98,1.10809e-07
3359.24,1.13037e-07
3392.83,1.15309e-07
3426.76,1.17626e-07
3461.03,1.19991e-07
3495.64,1.22403e-07
3530.59,1.24863e-07
3565.9,1.27373e-07
3601.56,1.29933e-07
3637.58,1.32544e-07
3673.95,1.35209e-07
3710.69,1.37926e-07
3747.8,1.40699e-07
3785.28,1.43527e-07
3823.13,1.46412e-07
3861.36,1.49354e-07
3899.97,1.52356e-07
3938.97,1.55419e-07
3978.36,1.58543e-07
4018.15,1.61729e-07
4058.33,1.6498e-07
4098.91,1.68296e-07
4139.9,1.71679e-07
4181.3,1.7513e-07
4223.11,1.7865e-07
4265.34,1.82241e-07
4308,1.85904e-07
4351.08,1.8964e-07
4394.59,1.93452e-07
4438.53,1.97341e-07
4482.92,2.01307e-07
4527.75,2.05353e-07
4573.03,2.09481e-07
4618.76,2.13692e-07
4664.94,2.17987e-07
4711.59,2.22368e-07
4758.71,2.26838e-07
4806.3,2.31397e-07
4854.36,2.36048e-07
4902.9,2.40793e-07
4951.93,2.45633e-07
5001.45,2.5057e-07
5051.46,2.55607e-07
5101.98,2.60744e-07
5153,2.65985e-07
5204.53,2.71332e-07
5256.57,2.76785e-07
5309.14,2.82349e-07
5362.23,2.88024e-07
5415.85,2.93813e-07
5470.01,2.99719e-07
5524.71,3.05743e-07
5579.96,3.11889e-07
5635.76,3.18158e-07
5692.12,3.24553e-07
5749.04,3.31076e-07
5806.53,3.37731e-07
5864.59,3.44519e-07
5923.24,3.51444e-07
5982.47,3.58508e-07
6042.3,3.65714e-07
6102.72,3.73065e-07
6163.75,3.80564e-07
6225.38,3.88213e-07
6287.64,3.96016e-07
6350.51,4.03976e-07
6414.02,4.12096e-07
6478.16,4.20379e-07
6542.94,4.28829e-07
6608.37,4.37448e-07
6674.45,4.46241e-07
6741.2,4.5521e-07
6808.61,4.6436e-07
6876.7,4.73693e-07
6945.46,4.83215e-07
7014.92,4.92927e-07
7085.07,5.02835e-07
7155.92,5.12942e-07
7227.48,5.23252e-07
7299.75,5.3377e-07
7372.75,5.44498e-07
7446.48,5.55443e-07
7520.94,5.66607e-07
7596.15,5.77996e-07
7672.11,5.89614e-07
7748.83,6.01465e-07
7826.32,6.13554e-07
7904.59,6.25887e-07
7983.63,6.38467e-07
8063.47,6.513e-07
8144.1,6.64392e-07
8225.54,6.77746e-07
8307.8,6.91369e-07
8390.88,7.05265e-07
8474.79,7.19441e-07
8559.53,7.33902e-07
8645.13,7.48653e-07
8731.58,7.63701e-07
8818.9,7.79051e-07
8907.09,7.9471e-07
8996.16,8.10684e-07
9086.12,8.26979e-07
9176.98,8.43601e-07
9268.75,8.60557e-07
9361.44,8.77855e-07
9455.05,8.95499e-07
9549.6,9.13499e-07
9645.1,9.3186e-07
9741.55,9.50591e-07
9838.96,9.69698e-07
9937.35,9.89188e-07
10036.7,1.00907e-06
10137.1,1.02935e-06
10238.5,1.05004e-06
10340.9,1.07115e-06
10444.3,1.09268e-06
10548.7,1.11464e-06
10654.2,1.13705e-06
10760.7,1.1599e-06
10868.3,1.18322e-06
10977,1.207e-06
11086.8,1.23126e-06
11197.7,1.25601e-06
11309.6,1.28125e-06
11422.7,1.30701e-06
11537,1.33328e-06
11652.3,1.36008e-06
11768.9,1.38741e-06
11886.5,1.4153e-06
12005.4,1.44375e-06
12125.5,1.47277e-06
12246.7,1.50237e-06
12369.2,1.53257e-06
12492.9,1.56337e-06
12617.8,1.5948e-06
12744,1.62685e-06
12871.4,1.65955e-06
13000.1,1.69291e-06
13130.1,1.72693e-06
13261.4,1.76165e-06
13394.1,1.79706e-06
13528,1.83318e-06
13663.3,1.87002e-06
13799.9,1.90761e-06
13937.9,1.94595e-06
14077.3,1.98507e-06
14218.1,2.02497e-06
14360.2,2.06567e-06
14503.8,2.10719e-06
14648.9,2.14954e-06
14795.4,2.19275e-06
14943.3,2.23682e-06
15092.8,2.28178e-06
15243.7,2.32765e-06
15396.1,2.37443e-06
15550.1,2.42216e-06
15705.6,2.47084e-06
15862.6,2.52051e-06
16021.3,2.57117e-06
16181.5,2.62285e-06
16343.3,2.67557e-06
16506.7,2.72935e-06
16671.8,2.78421e-06
16838.5,2.84017e-06
17006.9,2.89726e-06
17177,2.95549e-06
17348.7,3.0149e-06
17522.2,3.0755e-06
17697.4,3.13732e-06
17874.4,3.20038e-06
18053.2,3.2647e-06
18233.7,3.33033e-06
18416,3.39726e-06
18600.2,3.46555e-06
18786.2,3.53521e-06
18974.1,3.60627e-06
19163.8,3.67875e-06
19355.4,3.75269e-06
19549,3.82812e-06
19744.5,3.90507e-06
19941.9,3.98356e-06
20141.3,4.06363e-06
20342.7,4.14531e-06
20546.2,4.22863e-06
20751.6,4.31362e-06
20959.2,4.40033e-06
21168.7,4.48878e-06
21380.4,4.579e-06
21594.2,4.67104e-06
21810.2,4.76493e-06
22028.3,4.8607e-06
22248.6,4.9584e-06
22471.1,5.05806e-06
22695.8,5.15973e-06
22922.7,5.26344e-06
23151.9,5.36924e-06
23383.5,5.47716e-06
23617.3,5.58725e-06
23853.5,5.69955e-06
24092,5.81411e-06
24332.9,5.93098e-06
24576.3,6.05019e-06
24822,6.1718e-06
25070.2,6.29585e-06
25320.9,6.4224e-06
25574.2,6.55149e-06
25829.9,6.68317e-06
26088.2,6.81751e-06
26349.1,6.95454e-06
26612.6,7.09432e-06
26878.7,7.23692e-06
27147.5,7.38238e-06
27419,7.53077e-06
27693.1,7.68214e-06
27970.1,7.83655e-06
28249.8,7.99406e-06
28532.3,8.15474e-06
28817.6,8.31865e-06
29105.8,8.48586e-06
29396.8,8.65642e-06
29690.8,8.83042e-06
29987.7,9.00791e-06
30287.6,9.18897e-06
30590.5,9.37367e-06
30896.4,9.56208e-06
31205.3,9.75428e-06
31517.4,9.95034e-06
31832.6,1.01503e-05
32150.9,1.03544e-05
32472.4,1.05625e-05
32797.1,1.07748e-05
33125.1,1.09914e-05
33456.3,1.12123e-05
33790.9,1.14377e-05
34128.8,1.16676e-05
34470.1,1.19021e-05
34814.8,1.21413e-05
35162.9,1.23853e-05
35514.6,1.26343e-05
35869.7,1.28882e-05
36228.4,1.31473e-05
36590.7,1.34116e-05
36956.6,1.36811e-05
37326.2,1.39561e-05
37699.4,1.42366e-05
38076.4,1.45228e-05
38457.2,1.48147e-05
38841.8,1.51125e-05
39230.2,1.54162e-05
39622.5,1.57261e-05
40018.7,1.60422e-05
40418.9,1.63646e-05
40823.1,1.66936e-05
41231.3,1.70291e-05
41643.6,1.73714e-05
42060.1,1.77206e-05
42480.7,1.80767e-05
42905.5,1.84401e-05
43334.5,1.88107e-05
43767.9,1.91888e-05
44205.6,1.95745e-05
44647.6,1.9968e-05
45094.1,2.03693e-05
45545,2.07788e-05
46000.5,2.11964e-05
46460.5,2.16225e-05
46925.1,2.20571e-05
47394.3,2.25004e-05
47868.3,2.29527e-05
48347,2.3414e-05
48830.4,2.38846e-05
49318.7,2.43647e-05
49811.9,2.48544e-05
50310,2.5354e-05
50813.1,2.58636e-05
51321.3,2.63835e-05
51834.5,2.69138e-05
52352.8,2.74548e-05
52876.4,2.80066e-05
53405.1,2.85695e-05
53939.2,2.91438e-05
54478.6,2.97296e-05
55023.4,3.03272e-05
55573.6,3.09367e-05
56129.3,3.15586e-05
56690.6,3.21929e-05
57257.5,3.284e-05
57830.1,3.35e-05
58408.4,3.41734e-05
58992.5,3.48603e-05
59582.4,3.5561e-05
60178.2,3.62757e-05
60780,3.70049e-05
61387.8,3.77487e-05
62001.7,3.85074e-05
62621.7,3.92814e-05
63247.9,4.0071e-05
63880.4,4.08764e-05
64519.2,4.1698e-05
65164.4,4.25362e-05
65816,4.33911e-05
66474.2,4.42633e-05
67138.9,4.5153e-05
67810.3,4.60606e-05
68488.4,4.69864e-05
69173.3,4.79308e-05
69865.1,4.88942e-05
70563.7,4.9877e-05
71269.3,5.08795e-05
71982,5.19022e-05
72701.9,5.29454e-05
73428.9,5.40096e-05
74163.2,5.50952e-05
74904.8,5.62027e-05
75653.8,5.73323e-05
76410.4,5.84847e-05
77174.5,5.96602e-05
77946.2,6.08594e-05
78725.7,6.20827e-05
79513,6.33306e-05
80308.1,6.46035e-05
81111.2,6.5902e-05
81922.3,6.72267e-05
82741.5,6.85779e-05
83568.9,6.99563e-05
84404.6,7.13625e-05
85248.6,7.27968e-05
86101.1,7.42601e-05
86962.1,7.57527e-05
87831.8,7.72753e-05
88710.1,7.88285e-05
89597.2,8.0413e-05
90493.2,8.20293e-05
91398.1,8.36781e-05
92312.1,8.536e-05
93235.2,8.70758e-05
94167.5,8.8826e-05
95109.2,9.06114e-05
96060.3,9.24327e-05
97020.9,9.42906e-05
97991.1,9.61858e-05
98971,9.81191e-05
99960.7,0.000100091
100960,0.000102103
101970,0.000104155
102990,0.000106249
104020,0.000108385
105060,0.000110563
106110,0.000112785
107171,0.000115052
108243,0.000117365
109326,0.000119724
110419,0.00012213
111523,0.000124585
112638,0.000127089
113765,0.000129644
114902,0.00013225
116051,0.000134908
117212,0.00013762
118384,0.000140386
119568,0.000143208
120763,0.000146086
121971,0.000149022
123191,0.000152018
124423,0.000155073
125667,0.00015819
126924,0.00016137
128193,0.000164613
129475,0.000167922
130770,0.000171297
132077,0.00017474
133398,0.000178253
134732,0.000181836
136079,0.00018549
137440,0.000189219
138814,0.000193022
140203,0.000196902
141605,0.00020086
143021,0.000204897
144451,0.000209015
145895,0.000213217
147354,0.000217502
148828,0.000221874
150316,0.000226334
151819,0.000230883
153338,0.000235524
154871,0.000240258
156420,0.000245087
157984,0.000250013
159564,0.000255038
161159,0.000260165
162771,0.000265394
164399,0.000270728
166043,0.00027617
167703,0.000281721
169380,0.000287384
171074,0.00029316
172785,0.000299053
174512,0.000305064
176258,0.000311195
178020,0.00031745
179800,0.000323831
181598,0.00033034
183414,0.00033698
185248,0.000343753
187101,0.000350663
188972,0.000357711
190862,0.000364901
192770,0.000372236
194698,0.000379717
196645,0.00038735
198611,0.000395136
200598,0.000403078
202604,0.00041118
204630,0.000419444
206676,0.000427875
208743,0.000436475
210830,0.000445249
212938,0.000454198
215068,0.000463327
217218,0.00047264
219391,0.00048214
221584,0.000491831
223800,0.000501717
226038,0.000511802
228299,0.000522089
230582,0.000532583
232888,0.000543288
235216,0.000554208
237569,0.000565348
239944,0.000576711
242344,0.000588303
244767,0.000600128
247215,0.00061219
249687,0.000624495
252184,0.000637048
254706,0.000649852
257253,0.000662914
259825,0.000676239
262423,0.000689831
265048,0.000703697
267698,0.000717841
270375,0.00073227
273079,0.000746989
275810,0.000762003
278568,0.000777319
281354,0.000792943
284167,0.000808882
287009,0.00082514
289879,0.000841725
292778,0.000858644
295705,0.000875903
298662,0.000893509
301649,0.000911468
304666,0.000929789
307712,0.000948477
310789,0.000967542
313897,0.000986989
317036,0.00100683
320207,0.00102707
323409,0.00104771
326643,0.00106877
329909,0.00109025
333208,0.00111216
336540,0.00113452
339906,0.00115732
343305,0.00118058
346738,0.00120431
350205,0.00122852
353707,0.00125321
357244,0.0012784
360817,0.0013041
364425,0.00133031
368069,0.00135705
371750,0.00138433
375467,0.00141215
379222,0.00144054
383014,0.00146949
386844,0.00149903
390713,0.00152916
394620,0.0015599
398566,0.00159125
402552,0.00162323
406577,0.00165586
410643,0.00168914
414750,0.0017231
418897,0.00175773
423086,0.00179306
427317,0.0018291
431590,0.00186587
435906,0.00190337
440265,0.00194163
444668,0.00198065
449114,0.00202047
453605,0.00206108
458142,0.0021025
462723,0.00214476
467350,0.00218787
472024,0.00223185
476744,0.00227671
481511,0.00232247
486326,0.00236915
491190,0.00241677
496102,0.00246535
501063,0.00251491
506073,0.00256545
511134,0.00261702
516245,0.00266962
521408,0.00272328
526622,0.00277802
531888,0.00283386
537207,0.00289082
542579,0.00294892
548005,0.0030082
553485,0.00306866
559020,0.00313034
564610,0.00319326
570256,0.00325745
575959,0.00332292
581718,0.00338971
587535,0.00345785
593411,0.00352735
599345,0.00359825
605338,0.00367057
611392,0.00374435
617506,0.00381961
623681,0.00389639
629917,0.0039747
636217,0.0040546
642579,0.00413609
649005,0.00421923
655495,0.00430403
662050,0.00439055
668670,0.0044788
675357,0.00456882
682110,0.00466065
688931,0.00475433
695821,0.00484989
702779,0.00494738
709807,0.00504682
716905,0.00514826
724074,0.00525174
731315,0.0053573
738628,0.00546498
746014,0.00557483
753474,0.00568688
761009,0.00580119
768619,0.00591779
776305,0.00603674
784068,0.00615808
791909,0.00628186
799828,0.00640812
807826,0.00653692
815905,0.00666832
824064,0.00680235
832304,0.00693908
840627,0.00707855
849034,0.00722083
857524,0.00736597
866099,0.00751403
874760,0.00766506
883508,0.00781913
892343,0.00797629
901266,0.00813661
910279,0.00830016
919382,0.00846699
928575,0.00863718
937861,0.00881079
947240,0.00898788
956712,0.00916854
966279,0.00935283
975942,0.00954082
985702,0.00973259
995559,0.00992821
1.00551e+06,0.0101278
1.01557e+06,0.0103313
1.02572e+06,0.010539
1.03598e+06,0.0107508
1.04634e+06,0.0109669
1.05681e+06,0.0111874
1.06737e+06,0.0114122
1.07805e+06,0.0116416
1.08883e+06,0.0118756
1.09972e+06,0.0121143
1.11071e+06,0.0123578
1.12182e+06,0.0126062
1.13304e+06,0.0128596
1.14437e+06,0.0131181
1.15581e+06,0.0133817
1.16737e+06,0.0136507
1.17904e+06,0.0139251
1.19083e+06,0.014205
1.20274e+06,0.0144905
1.21477e+06,0.0147818
1.22692e+06,0.0150789
1.23919e+06,0.015382
1.25158e+06,0.0156911
1.2641e+06,0.0160065
1.27674e+06,0.0163283
1.2895e+06,0.0166565
1.3024e+06,0.0169913
1.31542e+06,0.0173328
1.32858e+06,0.0176812
1.34186e+06,0.0180366
1.35528e+06,0.0183991
1.36883e+06,0.0187689
1.38252e+06,0.0191462
1.39635e+06,0.019531
1.41031e+06,0.0199236
1.42441e+06,0.020324
1.43866e+06,0.0207326
1.45304e+06,0.0211493
1.46758e+06,0.0215744
1.48225e+06,0.022008
1.49707e+06,0.0224504
1.51204e+06,0.0229016
1.52716e+06,0.023362
1.54244e+06,0.0238315
1.55786e+06,0.0243106
1.57344e+06,0.0247992
1.58917e+06,0.0252977
1.60507e+06,0.0258061
1.62112e+06,0.0263248
1.63733e+06,0.026854
1.6537e+06,0.0273937
1.67024e+06,0.0279444
1.68694e+06,0.028506
1.70381e+06,0.029079
1.72085e+06,0.0296635
1.73806e+06,0.0302597
1.75544e+06,0.0308679
1.77299e+06,0.0314884
1.79072e+06,0.0321213
1.80863e+06,0.032767
1.82671e+06,0.0334256
1.84498e+06,0.0340974
1.86343e+06,0.0347828
1.88207e+06,0.0354819
1.90089e+06,0.0361951
1.9199e+06,0.0369226
1.93909e+06,0.0376648
1.95848e+06,0.0384218
1.97807e+06,0.0391941
1.99785e+06,0.0399819
2.01783e+06,0.0407855
2.03801e+06,0.0416053
2.05839e+06,0.0424416
2.07897e+06,0.0432947
2.09976e+06,0.0441649
2.12076e+06,0.0450526
2.14197e+06,0.0459582
2.16339e+06,0.0468819
2.18502e+06,0.0478243
2.20687e+06,0.0487855
2.22894e+06,0.0497661
2.25123e+06,0.0507664
2.27374e+06,0.0517868
2.29648e+06,0.0528277
2.31944e+06,0.0538896
2.34264e+06,0.0549727
2.36606e+06,0.0560777
2.38972e+06,0.0572049
2.41362e+06,0.0583547
2.43776e+06,0.0595276
2.46213e+06,0.0607241
2.48676e+06,0.0619447
2.51162e+06,0.0631898
2.53674e+06,0.0644599
2.56211e+06,0.0657555
2.58773e+06,0.0670772
2.61361e+06,0.0684255
2.63974e+06,0.0698008
2.66614e+06,0.0712038
2.6928e+06,0.072635
2.71973e+06,0.074095
2.74693e+06,0.0755843
2.7744e+06,0.0771035
2.80214e+06,0.0786533
2.83016e+06,0.0802342
2.85846e+06,0.0818469
2.88705e+06,0.0834921
2.91592e+06,0.0851702
2.94508e+06,0.0868822
2.97453e+06,0.0886285
3.00427e+06,0.0904099
3.03432e+06,0.0922272
3.06466e+06,0.0940809
3.0953e+06,0.095972
3.12626e+06,0.097901
3.15752e+06,0.0998688
3.1891e+06,0.101876
3.22099e+06,0.103924
3.2532e+06,0.106013
3.28573e+06,0.108144
3.31859e+06,0.110317
3.35177e+06,0.112535
3.38529e+06,0.114797
3.41914e+06,0.117104
3.45333e+06,0.119458
3.48787e+06,0.121859
3.52275e+06,0.124308
3.55797e+06,0.126807
3.59355e+06,0.129356
3.62949e+06,0.131956
3.66578e+06,0.134608
3.70244e+06,0.137314
3.73947e+06,0.140074
3.77686e+06,0.142889
3.81463e+06,0.145761
3.85277e+06,0.148691
3.8913e+06,0.15168
3.93022e+06,0.154729
3.96952e+06,0.157839
4.00921e+06,0.161011
4.04931e+06,0.164247
4.0898e+06,0.167549
4.1307e+06,0.170917
4.172e+06,0.174352
4.21372e+06,0.177856
4.25586e+06,0.181431
4.29842e+06,0.185078
4.3414e+06,0.188798
4.38482e+06,0.192593
4.42867e+06,0.196464
4.47295e+06,0.200413
4.51768e+06,0.204441
4.56286e+06,0.208551
4.60849e+06,0.212743
4.65457e+06,0.217019
4.70112e+06,0.221381
4.74813e+06,0.22583
4.79561e+06,0.23037
4.84357e+06,0.235
4.892e+06,0.239724
4.94092e+06,0.244542
4.99033e+06,0.249457
5.04023e+06,0.254471
5.09064e+06,0.259586
5.14154e+06,0.264804
5.19296e+06,0.270127
5.24489e+06,0.275556
5.29734e+06,0.281095
5.35031e+06,0.286745
5.40381e+06,0.292508
5.45785e+06,0.298388
5.51243e+06,0.304385
5.56755e+06,0.310504
5.62323e+06,0.316745
5.67946e+06,0.323111
5.73626e+06,0.329606
5.79362e+06,0.336231
5.85156e+06,0.342989
5.91007e+06,0.349883
5.96917e+06,0.356916
6.02886e+06,0.36409
6.08915e+06,0.371408
6.15004e+06,0.378873
6.21154e+06,0.386489
6.27366e+06,0.394257
6.3364e+06,0.402182
6.39976e+06,0.410265
6.46376e+06,0.418512
6.5284e+06,0.426924
6.59368e+06,0.435505
6.65962e+06,0.444259
6.72621e+06,0.453188
6.79347e+06,0.462297
6.86141e+06,0.47159
6.93002e+06,0.481069
6.99932e+06,0.490738
7.06932e+06,0.500602
7.14001e+06,0.510664
7.21141e+06,0.520928
7.28352e+06,0.531399
7.35636e+06,0.54208
7.42992e+06,0.552976
7.50422e+06,0.564091
7.57926e+06,0.575429
7.65506e+06,0.586995
7.73161e+06,0.598794
7.80892e+06,0.610829
7.88701e+06,0.623107
7.96588e+06,0.635632
8.04554e+06,0.648408
8.126e+06,0.661441
8.20726e+06,0.674736
8.28933e+06,0.688298
8.37222e+06,0.702133
8.45595e+06,0.716245
8.5405e+06,0.730642
8.62591e+06,0.745328
8.71217e+06,0.760309
8.79929e+06,0.775591
8.88728e+06,0.791181
8.97616e+06,0.807083
9.06592e+06,0.823306
9.15658e+06,0.839854
9.24814e+06,0.856735
9.34062e+06,0.873956
9.43403e+06,0.891522
9.52837e+06,0.909442
9.62365e+06,0.927721
9.71989e+06,0.946369
9.81709e+06,0.965391
9.91526e+06,0.984795
1.00144e+07,1.00459
1.01146e+07,1.02478
1.02157e+07,1.04538
1.03179e+07,1.06639
1.0421e+07,1.08783
1.05252e+07,1.10969
1.06305e+07,1.132
1.07368e+07,1.15475
1.08442e+07,1.17796
1.09526e+07,1.20164
1.10621e+07,1.22579
1.11728e+07,1.25043
1.12845e+07,1.27556
1.13973e+07,1.3012
1.15113e+07,1.32735
1.16264e+07,1.35403
1.17427e+07,1.38125
1.18601e+07,1.40901
1.19787e+07,1.43734
1.20985e+07,1.46623
1.22195e+07,1.4957
1.23417e+07,1.52576
1.24651e+07,1.55643
1.25898e+07,1.58771
1.27156e+07,1.61963
1.28428e+07,1.65218
1.29712e+07,1.68539
1.31009e+07,1.71926
1.3232e+07,1.75382
1.33643e+07,1.78907
1.34979e+07,1.82503
1.36329e+07,1.86172
1.37692e+07,1.89914
1.39069e+07,1.93731
1.4046e+07,1.97625
1.41864e+07,2.01597
1.43283e+07,2.05649
1.44716e+07,2.09783
1.46163e+07,2.14
1.47625e+07,2.18301
1.49101e+07,2.22689
1.50592e+07,2.27165
1.52098e+07,2.31731
1.53619e+07,2.36389
1.55155e+07,2.4114
1.56707e+07,2.45987
1.58274e+07,2.50931
1.59856e+07,2.55975
1.61455e+07,2.6112
1.6307e+07,2.66369
1.647e+07,2.71723
1.66347e+07,2.77184
1.68011e+07,2.82756
1.69691e+07,2.88439
1.71388e+07,2.94237
1.73102e+07,3.00151
1.74833e+07,3.06184
1.76581e+07,3.12338
1.78347e+07,3.18616
1.8013e+07,3.2502
1.81932e+07,3.31553
1.83751e+07,3.38218
1.85588e+07,3.45016
1.87444e+07,3.51951
1.89319e+07,3.59025
1.91212e+07,3.66241
1.93124e+07,3.73603
1.95055e+07,3.81112
1.97006e+07,3.88772
1.98976e+07,3.96587
2.00966e+07,4.04558
2.02975e+07,4.1269
2.05005e+07,4.20985
2.07055e+07,4.29447
2.09126e+07,4.38078
2.11217e+07,4.46884
2.13329e+07,4.55866
2.15462e+07,4.65029
2.17617e+07,4.74376
2.19793e+07,4.83911
2.21991e+07,4.93638
2.24211e+07,5.0356
2.26453e+07,5.13681
2.28718e+07,5.24006
2.31005e+07,5.34539
2.33315e+07,5.45283
2.35648e+07,5.56243
2.38004e+07,5.67424
2.40384e+07,5.78829
2.42788e+07,5.90464
2.45216e+07,6.02332
2.47668e+07,6.14439
2.50145e+07,6.26789
2.52647e+07,6.39387
2.55173e+07,6.52239
2.57725e+07,6.65349
2.60302e+07,6.78723
2.62905e+07,6.92365
2.65534e+07,7.06282
2.68189e+07,7.20478
2.70871e+07,7.34959
2.7358e+07,7.49732
2.76316e+07,7.64802
2.79079e+07,7.80174
2.8187e+07,7.95856
2.84688e+07,8.11852
2.87535e+07,8.28171
2.90411e+07,8.44817
2.93315e+07,8.61798
2.96248e+07,8.7912
2.9921e+07,8.9679
3.02202e+07,9.14816
3.05225e+07,9.33203
3.08277e+07,9.51961
3.1136e+07,9.71095
3.14473e+07,9.90614
3.17618e+07,10.1053
3.20794e+07,10.3084
3.24002e+07,10.5156
3.27242e+07,10.7269
3.30514e+07,10.9425
3.3382e+07,11.1625
3.37158e+07,11.3869
3.40529e+07,11.6157
3.43935e+07,11.8492
3.47374e+07,12.0874
3.50848e+07,12.3303
3.54356e+07,12.5782
3.579e+07,12.831
3.61479e+07,13.0889
3.65094e+07,13.352
3.68744e+07,13.6204
3.72432e+07,13.8941
3.76156e+07,14.1734
3.79918e+07,14.4583
3.83717e+07,14.7489
3.87554e+07,15.0453
3.9143e+07,15.3478
3.95344e+07,15.6563
3.99297e+07,15.9709
4.0329e+07,16.292
4.07323e+07,16.6194
4.11397e+07,16.9535
4.1551e+07,17.2942
4.19666e+07,17.6419
4.23862e+07,17.9965
4.28101e+07,18.3582
4.32382e+07,18.7272
4.36706e+07,19.1036
4.41073e+07,19.4876
4.45483e+07,19.8793
4.49938e+07,20.2789
4.54438e+07,20.6865
4.58982e+07,21.1023
4.63572e+07,21.5264
4.68208e+07,21.9591
4.7289e+07,22.4005
4.77619e+07,22.8507
4.82395e+07,23.31
4.87219e+07,23.7786
4.92091e+07,24.2565
4.97012e+07,24.7441
5.01982e+07,25.2414
5.07002e+07,25.7488
5.12072e+07,26.2663
5.17192e+07,26.7943
5.22364e+07,27.3328
5.27588e+07,27.8822
5.32864e+07,28.4427
5.38193e+07,29.0144
5.43574e+07,29.5975
5.4901e+07,30.1925
5.545e+07,30.7993
5.60045e+07,31.4184
5.65646e+07,32.0499
5.71302e+07,32.6941
5.77015e+07,33.3513
5.82785e+07,34.0216
5.88613e+07,34.7054
5.94499e+07,35.403
6.00444e+07,36.1146
6.06449e+07,36.8405
6.12513e+07,37.581
6.18638e+07,38.3364
6.24825e+07,39.107
6.31073e+07,39.893
6.37384e+07,40.6949
6.43758e+07,41.5128
6.50195e+07,42.3472
6.56697e+07,43.1984
6.63264e+07,44.0667
6.69897e+07,44.9525
6.76596e+07,45.856
6.83362e+07,46.7777
6.90195e+07,47.7179
6.97097e+07,48.6771
7.04068e+07,49.6555
7.11109e+07,50.6535
7.1822e+07,51.6717
7.25402e+07,52.7103
7.32656e+07,53.7698
7.39983e+07,54.8505
7.47383e+07,55.953
7.54857e+07,57.0777
7.62405e+07,58.2249
7.70029e+07,59.3953
7.77729e+07,60.5891
7.85507e+07,61.807
7.93362e+07,63.0493
8.01295e+07,64.3166
8.09308e+07,65.6093
8.17401e+07,66.9281
8.25575e+07,68.2733
8.33831e+07,69.6456
8.4217e+07,71.0455
8.50591e+07,72.4735
8.59097e+07,73.9302
8.67688e+07,75.4162
8.76365e+07,76.9321
8.85129e+07,78.4784
8.9398e+07,80.0558
9.0292e+07,81.665
9.11949e+07,83.3064
9.21068e+07,84.9809
9.30279e+07,86.689
9.39582e+07,88.4315
9.48978e+07,90.2089
9.58467e+07,92.0221
9.68052e+07,93.8718
9.77733e+07,95.7586
9.8751e+07,97.6834
9.97385e+07,99.6468
1.00736e+08,101.65
1.01743e+08,103.693
1.02761e+08,105.777
1.03788e+08,107.903
1.04826e+08,110.072
1.05874e+08,112.284
1.06933e+08,114.541
1.08003e+08,116.844
1.09083e+08,119.192
1.10173e+08,121.588
1.11275e+08,124.032
1.12388e+08,126.525
1.13512e+08,129.068
1.14647e+08,131.662
1.15793e+08,134.309
1.16951e+08,137.008
1.18121e+08,139.762
1.19302e+08,142.572
1.20495e+08,145.437
1.217e+08,148.36
1.22917e+08,151.343
1.24146e+08,154.385
1.25388e+08,157.488
1.26641e+08,160.653
1.27908e+08,163.882
1.29187e+08,167.176
1.30479e+08,170.537
1.31784e+08,173.964
1.33101e+08,177.461
1.34432e+08,181.028
1.35777e+08,184.667
1.37135e+08,188.378
1.38506e+08,192.165
1.39891e+08,196.027
1.4129e+08,199.968
1.42703e+08,203.987
1.4413e+08,208.087
1.45571e+08,212.27
1.47027e+08,216.536
1.48497e+08,220.889
1.49982e+08,225.328
1.51482e+08,229.858
1.52997e+08,234.478
1.54527e+08,239.191
1.56072e+08,243.998
1.57633e+08,248.903
1.59209e+08,253.906
1.60801e+08,259.009
1.62409e+08,264.215
1.64033e+08,269.526
1.65673e+08,274.943
1.6733e+08,280.47
1.69003e+08,286.107
1.70694e+08,291.858
1.724e+08,297.724
1.74124e+08,303.709
1.75866e+08,309.813
1.77624e+08,316.04
1.79401e+08,322.393
1.81195e+08,328.873
1.83007e+08,335.483
1.84837e+08,342.227
1.86685e+08,349.105
1.88552e+08,356.122
1.90437e+08,363.28
1.92342e+08,370.582
1.94265e+08,378.031
1.96208e+08,385.629
1.9817e+08,393.381
2.00152e+08,401.287
2.02153e+08,409.353
2.04175e+08,417.581
2.06216e+08,425.975
2.08279e+08,434.537
2.10361e+08,443.271
2.12465e+08,452.181
2.1459e+08,461.27
2.16735e+08,470.541
2.18903e+08,479.999
2.21092e+08,489.647
2.23303e+08,499.489
2.25536e+08,509.529
2.27791e+08,519.77
2.30069e+08,530.218
2.3237e+08,540.875
2.34693e+08,551.746
2.3704e+08,562.837
2.39411e+08,574.15
2.41805e+08,585.69
2.44223e+08,597.462
2.46665e+08,609.471
2.49132e+08,621.722
2.51623e+08,634.218
2.54139e+08,646.966
2.56681e+08,659.97
2.59248e+08,673.236
2.6184e+08,686.768
2.64458e+08,700.572
2.67103e+08,714.653
2.69774e+08,729.018
2.72472e+08,743.671
2.75197e+08,758.619
2.77949e+08,773.867
2.80728e+08,789.422
2.83535e+08,805.289
2.86371e+08,821.475
2.89234e+08,837.987
2.92127e+08,854.831
2.95048e+08,872.013
2.97998e+08,889.54
3.00978e+08,907.42
3.03988e+08,925.659
3.07028e+08,944.265
3.10098e+08,963.244
3.13199e+08,982.606
3.16331e+08,1002.36
3.19495e+08,1022.5
3.2269e+08,1043.06
3.25917e+08,1064.02
3.29176e+08,1085.41
3.32467e+08,1107.22
3.35792e+08,1129.48
3.3915e+08,1152.18
3.42542e+08,1175.34
3.45967e+08,1198.97
3.49427e+08,1223.06
3.52921e+08,1247.65
3.5645e+08,1272.73
3.60015e+08,1298.31
3.63615e+08,1324.4
3.67251e+08,1351.02
3.70923e+08,1378.18
3.74633e+08,1405.88
3.78379e+08,1434.14
3.82163e+08,1462.97
3.85984e+08,1492.37
3.89844e+08,1522.37
3.93743e+08,1552.97
3.9768e+08,1584.18
4.01657e+08,1616.02
4.05673e+08,1648.51
4.0973e+08,1681.64
4.13827e+08,1715.44
4.17966e+08,1749.92
4.22145e+08,1785.1
4.26367e+08,1820.98
4.30631e+08,1857.58
4.34937e+08,1894.92
4.39286e+08,1933
4.43679e+08,1971.86
4.48116e+08,2011.49
4.52597e+08,2051.92
4.57123e+08,2093.17
4.61694e+08,2135.24
4.66311e+08,2178.16
4.70974e+08,2221.94
4.75684e+08,2266.6
4.80441e+08,2312.16
4.85245e+08,2358.63
4.90098e+08,2406.04
4.94999e+08,2454.4
4.99949e+08,2503.74
5.04948e+08,2554.06
5.09998e+08,2605.4
5.15098e+08,2657.77
5.20249e+08,2711.19
5.25451e+08,2765.68
5.30706e+08,2821.27
5.36013e+08,2877.98
5.41373e+08,2935.83
5.46787e+08,2994.84
5.52254e+08,3055.03
5.57777e+08,3116.44
5.63355e+08,3179.08
5.68988e+08,3242.98
5.74678e+08,3308.16
5.80425e+08,3374.66
5.86229e+08,3442.49
5.92091e+08,3511.68
5.98012e+08,3582.27
6.03992e+08,3654.27
6.10032e+08,3727.72
6.16133e+08,3802.65
6.22294e+08,3879.08
6.28517e+08,3957.05
6.34802e+08,4036.59
6.4115e+08,4117.72
6.47562e+08,4200.49
6.54037e+08,4284.92
6.60578e+08,4371.05
6.67183e+08,4458.9
6.73855e+08,4548.53
6.80594e+08,4639.95
6.874e+08,4733.22
6.94274e+08,4828.35
7.01217e+08,4925.4
7.08229e+08,5024.4
7.15311e+08,5125.39
7.22464e+08,5228.42
7.29689e+08,5333.51
7.36986e+08,5440.71
7.44355e+08,5550.07
7.51799e+08,5661.62
7.59317e+08,5775.42
7.6691e+08,5891.51
7.74579e+08,6009.93
7.82325e+08,6130.73
7.90148e+08,6253.96
7.9805e+08,6379.66
8.0603e+08,6507.89
8.14091e+08,6638.7
8.22232e+08,6772.14
8.30454e+08,6908.26
8.38758e+08,7047.11
8.47146e+08,7188.76
8.55617e+08,7333.25
8.64174e+08,7480.65
8.72815e+08,7631.01
8.81543e+08,7784.4
8.90359e+08,7940.86
8.99262e+08,8100.48
9.08255e+08,8263.29
9.17338e+08,8429.39
9.26511e+08,8598.82
9.35776e+08,8771.65
9.45134e+08,8947.96
9.54585e+08,9127.82
9.64131e+08,9311.29
9.73772e+08,9498.44
9.8351e+08,9689.36
9.93345e+08,9884.12
1.00328e+09,10082.8
1.01331e+09,10285.5
1.02344e+09,10492.2
1.03368e+09,10703.1
1.04402e+09,10918.2
1.05446e+09,11137.7
1.065e+09,11361.5
1.07565e+09,11589.9
1.08641e+09,11822.9
1.09727e+09,12060.5
1.10824e+09,12302.9
1.11933e+09,12550.2
1.13052e+09,12802.5
1.14182e+09,13059.8
1.15324e+09,13322.3
1.16478e+09,13590.1
1.17642e+09,13863.2
1.18819e+09,14141.9
1.20007e+09,14426.1
1.21207e+09,14716.1
1.22419e+09,15011.9
1.23643e+09,15313.6
1.2488e+09,15621.4
1.26128e+09,15935.4
1.2739e+09,16255.7
1.28664e+09,16582.5
1.2995e+09,16915.8
1.3125e+09,17255.8
1.32562e+09,17602.6
1.33888e+09,17956.4
1.35227e+09,18317.4
1.36579e+09,18685.6
1.37945e+09,19061.1
1.39324e+09,19444.3
1.40718e+09,19835.1
1.42125e+09,20233.8
1.43546e+09,20640.5
1.44981e+09,21055.3
1.46431e+09,21478.6
1.47896e+09,21910.3
1.49375e+09,22350.7
1.50868e+09,22799.9
1.52377e+09,23258.2
1.53901e+09,23725.7
1.5544e+09,24202.6
1.56994e+09,24689
1.58564e+09,25185.3
1.6015e+09,25691.5
1.61751e+09,26207.9
1.63369e+09,26734.7
1.65002e+09,27272.1
1.66652e+09,27820.2
1.68319e+09,28379.4
1.70002e+09,28949.9
1.71702e+09,29531.7
1.73419e+09,30125.3
1.75153e+09,30730.9
1.76905e+09,31348.5
1.78674e+09,31978.6
1.80461e+09,32621.4
1.82265e+09,33277.1
1.84088e+09,33946
1.85929e+09,34628.3
1.87788e+09,35324.3
1.89666e+09,36034.3
1.91563e+09,36758.6
1.93478e+09,37497.5
1.95413e+09,38251.2
1.97367e+09,39020
1.99341e+09,39804.3
2.01334e+09,40604.4
2.03348e+09,41420.5
2.05381e+09,42253.1
2.07435e+09,43102.4
2.09509e+09,43968.7
2.11604e+09,44852.5
2.1372e+09,45754.1
2.15858e+09,46673.7
2.18016e+09,47611.8
2.20196e+09,48568.8
2.22398e+09,49545.1
2.24622e+09,50540.9
2.26869e+09,51556.8
2.29137e+09,52593.1
2.31429e+09,53650.2
2.33743e+09,54728.6
2.3608e+09,55828.6
2.38441e+09,56950.8
2.40826e+09,58095.5
2.43234e+09,59263.2
2.45666e+09,60454.4
2.48123e+09,61669.5
2.50604e+09,62909.1
2.5311e+09,64173.6
2.55641e+09,65463.5
2.58198e+09,66779.3
2.6078e+09,68121.5
2.63387e+09,69490.8
2.66021e+09,70887.6
2.68681e+09,72312.4
2.71368e+09,73765.9
2.74082e+09,75248.6
2.76823e+09,76761.1
2.79591e+09,78304
2.82387e+09,79877.9
2.85211e+09,81483.4
2.88063e+09,83121.2
2.90943e+09,84792
2.93853e+09,86496.3
2.96791e+09,88234.9
2.99759e+09,90008.4
3.02757e+09,91817.6
3.05784e+09,93663.1
3.08842e+09,95545.7
3.11931e+09,97466.2
3.1505e+09,99425.3
3.18201e+09,101424
3.21383e+09,103462
3.24596e+09,105542
3.27842e+09,107663
3.31121e+09,109827
3.34432e+09,112035
3.37776e+09,114287
3.41154e+09,116584
3.44566e+09,118927
3.48011e+09,121318
3.51491e+09,123756
3.55006e+09,126244
3.58556e+09,128781
3.62142e+09,131370
3.65763e+09,134010
3.69421e+09,136704
3.73115e+09,139452
3.76846e+09,142255
3.80615e+09,145114
3.84421e+09,148031
3.88265e+09,151006
3.92148e+09,154041
3.96069e+09,157138
4.0003e+09,160296
4.0403e+09,163518
4.08071e+09,166805
4.12151e+09,170157
4.16273e+09,173578
4.20436e+09,177066
4.2464e+09,180626
4.28886e+09,184256
4.33175e+09,187960
4.37507e+09,191738
4.41882e+09,195592
4.46301e+09,199523
4.50764e+09,203533
4.55271e+09,207624
4.59824e+09,211798
4.64422e+09,216055
4.69067e+09,220397
4.73757e+09,224827
4.78495e+09,229346
4.8328e+09,233956
4.88113e+09,238659
4.92994e+09,243456
4.97924e+09,248349
5.02903e+09,253341
5.07932e+09,258433
5.13011e+09,263628
5.18141e+09,268927
5.23323e+09,274332
5.28556e+09,279846
5.33842e+09,285471
5.3918e+09,291209
5.44572e+09,297062
5.50017e+09,303033
5.55518e+09,309124
5.61073e+09,315338
5.66684e+09,321676
5.7235e+09,328142
5.78074e+09,334737
5.83855e+09,341466
5.89693e+09,348329
5.9559e+09,355331
6.01546e+09,362473
6.07561e+09,369758
6.13637e+09,377191
6.19773e+09,384772
6.25971e+09,392506
6.32231e+09,400395
6.38553e+09,408443
6.44939e+09,416653
6.51388e+09,425028
6.57902e+09,433571
6.64481e+09,442286
6.71126e+09,451176
6.77837e+09,460244
6.84616e+09,469495
6.91462e+09,478932
6.98376e+09,488558
7.0536e+09,498378
7.12414e+09,508396
7.19538e+09,518615
7.26733e+09,529039
7.34e+09,539672
7.4134e+09,550520
7.48754e+09,561585
7.56241e+09,572873
7.63804e+09,584388
7.71442e+09,596134
7.79156e+09,608116
7.86948e+09,620340
7.94817e+09,632808
8.02766e+09,645528
8.10793e+09,658503
8.18901e+09,671739
8.2709e+09,685241
8.35361e+09,699014
8.43715e+09,713064
8.52152e+09,727397
8.60673e+09,742018
8.6928e+09,756932
8.77973e+09,772146
8.86753e+09,787667
8.9562e+09,803499
9.04576e+09,819649
9.13622e+09,836124
9.22758e+09,852930
9.31986e+09,870074
9.41306e+09,887562
9.50719e+09,905402
9.60226e+09,923601
9.69828e+09,942165
9.79526e+09,961103
9.89322e+09,980421
9.99215e+09,1.00013e+06
1.00921e+10,1.02023e+06
1.0193e+10,1.04074e+06
1.02949e+10,1.06166e+06
1.03979e+10,1.08299e+06
1.05018e+10,1.10476e+06
1.06069e+10,1.12697e+06
1.07129e+10,1.14962e+06
1.08201e+10,1.17273e+06
1.09283e+10,1.1963e+06
1.10375e+10,1.22035e+06
1.11479e+10,1.24487e+06
1.12594e+10,1.2699e+06
1.1372e+10,1.29542e+06
1.14857e+10,1.32146e+06
1.16006e+10,1.34802e+06
1.17166e+10,1.37512e+06
1.18337e+10,1.40276e+06
1.19521e+10,1.43095e+06
1.20716e+10,1.45971e+06
1.21923e+10,1.48905e+06
1.23142e+10,1.51898e+06
1.24374e+10,1.54952e+06
1.25618e+10,1.58066e+06
1.26874e+10,1.61243e+06
1.28143e+10,1.64484e+06
1.29424e+10,1.6779e+06
1.30718e+10,1.71163e+06
1.32025e+10,1.74603e+06
1.33346e+10,1.78113e+06
1.34679e+10,1.81693e+06
1.36026e+10,1.85345e+06
1.37386e+10,1.8907e+06
1.3876e+10,1.92871e+06
1.40148e+10,1.96747e+06
1.41549e+10,2.00702e+06
1.42965e+10,2.04736e+06
1.44394e+10,2.08851e+06
1.45838e+10,2.13049e+06
1.47297e+10,2.17331e+06
1.48769e+10,2.217e+06
1.50257e+10,2.26156e+06
1.5176e+10,2.30702e+06
1.53277e+10,2.35339e+06
1.5481e+10,2.40069e+06
1.56358e+10,2.44895e+06
1.57922e+10,2.49817e+06
1.59501e+10,2.54838e+06
1.61096e+10,2.5996e+06
1.62707e+10,2.65186e+06
1.64334e+10,2.70516e+06
1.65977e+10,2.75953e+06
1.67637e+10,2.815e+06
1.69314e+10,2.87158e+06
1.71007e+10,2.9293e+06
1.72717e+10,2.98818e+06
1.74444e+10,3.04824e+06
1.76188e+10,3.10951e+06
1.7795e+10,3.17201e+06
1.7973e+10,3.23577e+06
1.81527e+10,3.30081e+06
1.83342e+10,3.36715e+06
1.85176e+10,3.43483e+06
1.87028e+10,3.50387e+06
1.88898e+10,3.5743e+06
1.90787e+10,3.64615e+06
1.92695e+10,3.71943e+06
1.94622e+10,3.79419e+06
1.96568e+10,3.87046e+06
1.98533e+10,3.94825e+06
2.00519e+10,4.02761e+06
2.02524e+10,4.10857e+06
2.04549e+10,4.19115e+06
2.06595e+10,4.27539e+06
2.08661e+10,4.36133e+06
2.10747e+10,4.44899e+06
2.12855e+10,4.53842e+06
2.14983e+10,4.62964e+06
2.17133e+10,4.72269e+06
2.19304e+10,4.81762e+06
2.21498e+10,4.91445e+06
2.23712e+10,5.01323e+06
2.2595e+10,5.114e+06
2.28209e+10,5.21679e+06
2.30491e+10,5.32165e+06
2.32796e+10,5.42861e+06
2.35124e+10,5.53773e+06
2.37475e+10,5.64904e+06
2.3985e+10,5.76258e+06
2.42249e+10,5.87841e+06
2.44671e+10,5.99657e+06
2.47118e+10,6.1171e+06
2.49589e+10,6.24005e+06
2.52085e+10,6.36548e+06
2.54606e+10,6.49342e+06
2.57152e+10,6.62394e+06
2.59723e+10,6.75708e+06
2.6232e+10,6.8929e+06
2.64944e+10,7.03145e+06
2.67593e+10,7.17278e+06
2.70269e+10,7.31695e+06
2.72972e+10,7.46402e+06
2.75701e+10,7.61405e+06
2.78458e+10,7.76709e+06
2.81243e+10,7.92321e+06
2.84055e+10,8.08247e+06
2.86896e+10,8.24492e+06
2.89765e+10,8.41065e+06
2.92663e+10,8.5797e+06
2.95589e+10,8.75215e+06
2.98545e+10,8.92807e+06
3.01531e+10,9.10753e+06
3.04546e+10,9.29059e+06
3.07591e+10,9.47733e+06
3.10667e+10,9.66782e+06
3.13774e+10,9.86215e+06
3.16912e+10,1.00604e+07
3.20081e+10,1.02626e+07
3.23282e+10,1.04689e+07
3.26514e+10,1.06793e+07
3.2978e+10,1.08939e+07
3.33077e+10,1.11129e+07
3.36408e+10,1.13363e+07
3.39772e+10,1.15641e+07
3.4317e+10,1.17966e+07
3.46602e+10,1.20337e+07
3.50068e+10,1.22756e+07
3.53568e+10,1.25223e+07
3.57104e+10,1.2774e+07
3.60675e+10,1.30308e+07
3.64282e+10,1.32927e+07
3.67925e+10,1.35599e+07
3.71604e+10,1.38324e+07
3.7532e+10,1.41104e+07
3.79073e+10,1.43941e+07
3.82864e+10,1.46834e+07
3.86693e+10,1.49785e+07
3.90559e+10,1.52796e+07
3.94465e+10,1.55867e+07
3.9841e+10,1.59e+07
4.02394e+10,1.62196e+07
4.06418e+10,1.65456e+07
4.10482e+10,1.68782e+07
4.14587e+10,1.72174e+07
4.18733e+10,1.75635e+07
4.2292e+10,1.79165e+07
4.27149e+10,1.82766e+07
4.31421e+10,1.8644e+07
4.35735e+10,1.90188e+07
4.40092e+10,1.9401e+07
4.44493e+10,1.9791e+07
4.48938e+10,2.01888e+07
4.53427e+10,2.05946e+07
4.57962e+10,2.10085e+07
4.62541e+10,2.14308e+07
4.67167e+10,2.18616e+07
4.71838e+10,2.2301e+07
4.76557e+10,2.27492e+07
4.81322e+10,2.32065e+07
4.86136e+10,2.36729e+07
4.90997e+10,2.41488e+07
4.95907e+10,2.46342e+07
5.00866e+10,2.51293e+07
5.05875e+10,2.56344e+07
5.10933e+10,2.61497e+07
5.16043e+10,2.66753e+07
5.21203e+10,2.72114e+07
5.26415e+10,2.77584e+07
5.31679e+10,2.83163e+07
5.36996e+10,2.88855e+07
5.42366e+10,2.94661e+07
5.4779e+10,3.00584e+07
5.53268e+10,3.06625e+07
5.588e+10,3.12788e+07
5.64388e+10,3.19076e+07
5.70032e+10,3.25489e+07
5.75732e+10,3.32031e+07
5.8149e+10,3.38705e+07
5.87305e+10,3.45513e+07
5.93178e+10,3.52458e+07
5.9911e+10,3.59542e+07
6.05101e+10,3.66769e+07
6.11152e+10,3.74141e+07
6.17263e+10,3.81661e+07
6.23436e+10,3.89333e+07
6.2967e+10,3.97158e+07
6.35967e+10,4.05141e+07
6.42326e+10,4.13285e+07
6.4875e+10,4.21592e+07
6.55237e+10,4.30066e+07
6.6179e+10,4.3871e+07
6.68408e+10,4.47528e+07
6.75092e+10,4.56523e+07
6.81843e+10,4.65699e+07
6.88661e+10,4.7506e+07
6.95548e+10,4.84609e+07
7.02503e+10,4.94349e+07
7.09528e+10,5.04286e+07
7.16623e+10,5.14422e+07
7.2379e+10,5.24762e+07
7.31027e+10,5.35309e+07
7.38338e+10,5.46069e+07
7.45721e+10,5.57045e+07
7.53178e+10,5.68242e+07
7.6071e+10,5.79663e+07
7.68317e+10,5.91315e+07
7.76e+10,6.032e+07
7.8376e+10,6.15324e+07
7.91598e+10,6.27692e+07
7.99514e+10,6.40309e+07
8.07509e+10,6.53179e+07
8.15584e+10,6.66308e+07
8.2374e+10,6.79701e+07
8.31977e+10,6.93363e+07
8.40297e+10,7.073e+07
8.487e+10,7.21516e+07
8.57187e+10,7.36019e+07
8.65759e+10,7.50813e+07
8.74417e+10,7.65904e+07
8.83161e+10,7.81299e+07
8.91992e+10,7.97003e+07
9.00912e+10,8.13023e+07
9.09921e+10,8.29364e+07
9.19021e+10,8.46035e+07
9.28211e+10,8.6304e+07
9.37493e+10,8.80387e+07
9.46868e+10,8.98083e+07
9.56337e+10,9.16134e+07
9.659e+10,9.34549e+07
9.75559e+10,9.53333e+07
9.85315e+10,9.72495e+07
9.95168e+10,9.92042e+07
1.00512e+11,1.01198e+08
1.01517e+11,1.03232e+08
1.02532e+11,1.05307e+08
1.03558e+11,1.07424e+08
1.04593e+11,1.09583e+08
1.05639e+11,1.11786e+08
1.06695e+11,1.14033e+08
1.07762e+11,1.16325e+08
1.0884e+11,1.18663e+08
1.09928e+11,1.21048e+08
1.11028e+11,1.23481e+08
1.12138e+11,1.25963e+08
1.13259e+11,1.28495e+08
1.14392e+11,1.31078e+08
1.15536e+11,1.33712e+08
1.16691e+11,1.364e+08
1.17858e+11,1.39142e+08
1.19037e+11,1.41938e+08
1.20227e+11,1.44791e+08
1.21429e+11,1.47702e+08
1.22644e+11,1.5067e+08
1.2387e+11,1.53699e+08
1.25109e+11,1.56788e+08
1.2636e+11,1.5994e+08
1.27623e+11,1.63154e+08
1.289e+11,1.66434e+08
1.30189e+11,1.69779e+08
1.31491e+11,1.73192e+08
1.32806e+11,1.76673e+08
1.34134e+11,1.80224e+08
1.35475e+11,1.83846e+08
1.3683e+11,1.87542e+08
1.38198e+11,1.91311e+08
1.3958e+11,1.95157e+08
1.40976e+11,1.99079e+08
1.42385e+11,2.03081e+08
1.43809e+11,2.07163e+08
1.45247e+11,2.11327e+08
1.467e+11,2.15574e+08
1.48167e+11,2.19907e+08
1.49649e+11,2.24328e+08
1.51145e+11,2.28837e+08
1.52657e+11,2.33436e+08
1.54183e+11,2.38128e+08
1.55725e+11,2.42915e+08
1.57282e+11,2.47797e+08
1.58855e+11,2.52778e+08
1.60444e+11,2.57859e+08
1.62048e+11,2.63042e+08
1.63668e+11,2.68329e+08
1.65305e+11,2.73722e+08
1.66958e+11,2.79224e+08
1.68628e+11,2.84837e+08
1.70314e+11,2.90562e+08
1.72017e+11,2.96402e+08
1.73737e+11,3.0236e+08
1.75475e+11,3.08437e+08
1.77229e+11,3.14637e+08
1.79002e+11,3.20961e+08
1.80792e+11,3.27412e+08
1.826e+11,3.33993e+08
1.84426e+11,3.40707e+08
1.8627e+11,3.47555e+08
1.88133e+11,3.54541e+08
1.90014e+11,3.61667e+08
1.91914e+11,3.68936e+08
1.93833e+11,3.76352e+08
1.95772e+11,3.83917e+08
1.97729e+11,3.91633e+08
1.99707e+11,3.99505e+08
2.01704e+11,4.07535e+08
2.03721e+11,4.15727e+08
2.05758e+11,4.24083e+08
2.07816e+11,4.32607e+08
2.09894e+11,4.41302e+08
2.11993e+11,4.50172e+08
2.14113e+11,4.59221e+08
2.16254e+11,4.68451e+08
2.18416e+11,4.77867e+08
2.206e+11,4.87472e+08
2.22806e+11,4.9727e+08
2.25034e+11,5.07266e+08
2.27285e+11,5.17462e+08
2.29558e+11,5.27863e+08
2.31853e+11,5.38473e+08
2.34172e+11,5.49296e+08
2.36513e+11,5.60337e+08
2.38879e+11,5.716e+08
2.41267e+11,5.83089e+08
2.4368e+11,5.94809e+08
2.46117e+11,6.06764e+08
2.48578e+11,6.1896e+08
2.51064e+11,6.31402e+08
2.53574e+11,6.44093e+08
2.5611e+11,6.57039e+08
2.58671e+11,6.70245e+08
2.61258e+11,6.83717e+08
2.63871e+11,6.9746e+08
2.66509e+11,7.11479e+08
2.69174e+11,7.2578e+08
2.71866e+11,7.40368e+08
2.74585e+11,7.55249e+08
2.77331e+11,7.7043e+08
2.80104e+11,7.85915e+08
2.82905e+11,8.01712e+08
2.85734e+11,8.17827e+08
2.88591e+11,8.34265e+08
2.91477e+11,8.51034e+08
2.94392e+11,8.6814e+08
2.97336e+11,8.85589e+08
3.00309e+11,9.0339e+08
3.03312e+11,9.21548e+08
3.06346e+11,9.40071e+08
3.09409e+11,9.58966e+08
3.12503e+11,9.78241e+08
3.15628e+11,9.97904e+08
3.18784e+11,1.01796e+09
3.21972e+11,1.03842e+09
3.25192e+11,1.0593e+09
3.28444e+11,1.08059e+09
3.31728e+11,1.10231e+09
3.35046e+11,1.12446e+09
3.38396e+11,1.14707e+09
3.4178e+11,1.17012e+09
3.45198e+11,1.19364e+09
3.4865e+11,1.21763e+09
3.52136e+11,1.24211e+09
3.55658e+11,1.26707e+09
3.59214e+11,1.29254e+09
3.62806e+11,1.31852e+09
3.66434e+11,1.34502e+09
3.70099e+11,1.37206e+09
3.738e+11,1.39964e+09
3.77538e+11,1.42777e+09
3.81313e+11,1.45647e+09
3.85126e+11,1.48574e+09
3.88978e+11,1.51561e+09
3.92867e+11,1.54607e+09
3.96796e+11,1.57715e+09
4.00764e+11,1.60885e+09
4.04772e+11,1.64118e+09
4.08819e+11,1.67417e+09
4.12907e+11,1.70782e+09
4.17037e+11,1.74215e+09
4.21207e+11,1.77717e+09
4.25419e+11,1.81289e+09
4.29673e+11,1.84933e+09
4.3397e+11,1.8865e+09
4.3831e+11,1.92442e+09
4.42693e+11,1.9631e+09
4.4712e+11,2.00256e+09
4.51591e+11,2.04281e+09
4.56107e+11,2.08387e+09
4.60668e+11,2.12576e+09
4.65274e+11,2.16848e+09
4.69927e+11,2.21207e+09
4.74626e+11,2.25653e+09
4.79373e+11,2.30189e+09
4.84166e+11,2.34816e+09
4.89008e+11,2.39535e+09
4.93898e+11,2.4435e+09
4.98837e+11,2.49262e+09
5.03826e+11,2.54272e+09
5.08864e+11,2.59383e+09
5.13952e+11,2.64596e+09
5.19092e+11,2.69914e+09
5.24283e+11,2.7534e+09
5.29526e+11,2.80874e+09
5.34821e+11,2.8652e+09
5.40169e+11,2.92279e+09
5.45571e+11,2.98154e+09
5.51027e+11,3.04146e+09
5.56537e+11,3.1026e+09
5.62102e+11,3.16496e+09
5.67723e+11,3.22858e+09
5.734e+11,3.29347e+09
5.79134e+11,3.35967e+09
5.84926e+11,3.4272e+09
5.90775e+11,3.49608e+09
5.96683e+11,3.56636e+09
6.0265e+11,3.63804e+09
6.08676e+11,3.71116e+09
6.14763e+11,3.78576e+09
6.20911e+11,3.86185e+09
6.2712e+11,3.93948e+09
6.33391e+11,4.01866e+09
6.39725e+11,4.09943e+09
6.46122e+11,4.18183e+09
6.52583e+11,4.26589e+09
6.59109e+11,4.35163e+09
6.657e+11,4.4391e+09
6.72357e+11,4.52833e+09
6.79081e+11,4.61934e+09
6.85872e+11,4.71219e+09
6.9273e+11,4.80691e+09
6.99658e+11,4.90353e+09
7.06654e+11,5.00209e+09
7.13721e+11,5.10263e+09
7.20858e+11,5.20519e+09
7.28066e+11,5.30982e+09
7.35347e+11,5.41655e+09
7.42701e+11,5.52542e+09
7.50128e+11,5.63648e+09
7.57629e+11,5.74977e+09
7.65205e+11,5.86534e+09
7.72857e+11,5.98324e+09
7.80586e+11,6.1035e+09
7.88392e+11,6.22618e+09
7.96276e+11,6.35133e+09
8.04238e+11,6.47899e+09
8.12281e+11,6.60921e+09
8.20404e+11,6.74206e+09
8.28608e+11,6.87758e+09
8.36894e+11,7.01581e+09
8.45263e+11,7.15683e+09
8.53715e+11,7.30068e+09
8.62252e+11,7.44743e+09
8.70875e+11,7.59712e+09
8.79584e+11,7.74982e+09
8.88379e+11,7.9056e+09
8.97263e+11,8.0645e+09
9.06236e+11,8.22659e+09
9.15298e+11,8.39195e+09
9.24451e+11,8.56063e+09
9.33696e+11,8.7327e+09
9.43033e+11,8.90822e+09
9.52463e+11,9.08728e+09
9.61988e+11,9.26993e+09
9.71608e+11,9.45626e+09
9.81324e+11,9.64633e+09
9.91137e+11,9.84022e+09
1.00105e+12,1.0038e+10
1.01106e+12,1.02398e+10
1.02117e+12,1.04456e+10
1.03138e+12,1.06555e+10
1.04169e+12,1.08697e+10
1.05211e+12,1.10882e+10
1.06263e+12,1.13111e+10
1.07326e+12,1.15384e+10
1.08399e+12,1.17704e+10
1.09483e+12,1.20069e+10
1.10578e+12,1.22483e+10
1.11684e+12,1.24945e+10
1.12801e+12,1.27456e+10
1.13929e+12,1.30018e+10
1.15068e+12,1.32631e+10
1.16219e+12,1.35297e+10
1.17381e+12,1.38017e+10
1.18555e+12,1.40791e+10
1.1974e+12,1.43621e+10
1.20938e+12,1.46507e+10
1.22147e+12,1.49452e+10
1.23368e+12,1.52456e+10
1.24602e+12,1.55521e+10
1.25848e+12,1.58647e+10
1.27107e+12,1.61835e+10
1.28378e+12,1.65088e+10
1.29661e+12,1.68407e+10
1.30958e+12,1.71792e+10
1.32268e+12,1.75245e+10
1.3359e+12,1.78767e+10
1.34926e+12,1.8236e+10
1.36275e+12,1.86026e+10
1.37638e+12,1.89765e+10
1.39015e+12,1.93579e+10
1.40405e+12,1.9747e+10
1.41809e+12,4.91773e+10
1.43227e+12,5.14773e+10
1.44659e+12,5.37568e+10
1.46106e+12,5.60146e+10
1.47567e+12,5.82496e+10
1.49042e+12,6.04607e+10
1.50533e+12,6.26467e+10
1.52038e+12,6.48064e+10
1.53559e+12,6.69386e+10
1.55094e+12,6.90421e+10
1.56645e+12,7.11155e+10
1.58212e+12,7.31575e+10
1.59794e+12,7.51667e+10
1.61392e+12,7.71418e+10
1.63006e+12,7.90813e+10
1.64636e+12,8.09838e+10
1.66282e+12,8.28476e+10
1.67945e+12,8.46714e+10
1.69624e+12,8.64535e+10
1.7132e+12,8.81923e+10
1.73034e+12,8.98862e+10
1.74764e+12,9.15333e+10
1.76512e+12,9.31321e+10
1.78277e+12,9.46807e+10
1.8006e+12,9.61772e+10
1.8186e+12,9.76198e+10
1.83679e+12,9.90065e+10
1.85515e+12,1.00336e+11
1.87371e+12,1.01605e+11
1.89244e+12,1.02812e+11
1.91137e+12,1.03955e+11
1.93048e+12,1.05032e+11
1.94979e+12,1.06041e+11
1.96928e+12,1.06979e+11
1.98898e+12,1.07844e+11
2.00887e+12,1.2353e+11
2.02896e+12,1.24842e+11
2.04925e+12,1.26247e+11
2.06974e+12,1.27748e+11
2.09043e+12,1.29345e+11
2.11134e+12,1.31043e+11
2.13245e+12,1.32845e+11
2.15378e+12,1.34751e+11
2.17531e+12,1.36767e+11
2.19707e+12,1.38894e+11
2.21904e+12,1.41136e+11
2.24123e+12,1.43494e+11
2.26364e+12,1.45974e+11
2.28628e+12,1.48577e+11
2.30914e+12,1.51307e+11
2.33223e+12,1.54168e+11
2.35555e+12,1.57162e+11
2.37911e+12,1.60293e+11
2.4029e+12,1.63564e+11
2.42693e+12,1.6698e+11
2.4512e+12,1.70544e+11
2.47571e+12,1.74255e+11
2.50047e+12,1.78115e+11
2.52547e+12,1.82129e+11
2.55073e+12,1.863e+11
2.57624e+12,1.90632e+11
2.602e+12,1.95128e+11
2.62802e+12,1.99794e+11
2.6543e+12,2.04633e+11
2.68084e+12,2.09649e+11
2.70765e+12,2.14848e+11
2.73473e+12,2.20232e+11
2.76207e+12,2.25808e+11
2.78969e+12,2.31579e+11
2.81759e+12,2.3755e+11
2.84577e+12,2.43659e+11
2.87422e+12,2.49737e+11
2.90297e+12,2.55775e+11
2.932e+12,2.6177e+11
2.96132e+12,2.67719e+11
2.99093e+12,2.7362e+11
3.02084e+12,2.7947e+11
3.05105e+12,2.85266e+11
3.08156e+12,2.91006e+11
3.11237e+12,2.96687e+11
3.1435e+12,3.02305e+11
3.17493e+12,3.07531e+11
3.20668e+12,3.12633e+11
3.23875e+12,3.17978e+11
3.27114e+12,3.23572e+11
3.30385e+12,3.29423e+11
3.33688e+12,3.35536e+11
3.37025e+12,3.41918e+11
3.40396e+12,3.48577e+11
3.438e+12,3.55519e+11
3.47238e+12,3.71319e+11
3.5071e+12,3.79001e+11
3.54217e+12,3.86716e+11
3.57759e+12,3.94464e+11
3.61337e+12,4.02244e+11
3.6495e+12,4.10057e+11
3.686e+12,4.17901e+11
3.72286e+12,4.25776e+11
3.76009e+12,4.33681e+11
3.79769e+12,4.41615e+11
3.83566e+12,4.49578e+11
3.87402e+12,4.57569e+11
3.91276e+12,4.65587e+11
3.95189e+12,4.73632e+11
3.99141e+12,4.81702e+11
4.03132e+12,4.90052e+11
4.07163e+12,4.99046e+11
4.11235e+12,5.08704e+11
4.15347e+12,5.19045e+11
4.19501e+12,5.30086e+11
4.23696e+12,5.41847e+11
4.27933e+12,5.63687e+11
4.32212e+12,5.78558e+11
4.36534e+12,5.93192e+11
4.409e+12,6.07578e+11
4.45309e+12,6.21706e+11
4.49762e+12,6.34995e+11
4.54259e+12,6.47769e+11
4.58802e+12,6.60261e+11
4.6339e+12,6.72462e+11
4.68024e+12,6.8436e+11
4.72704e+12,6.96067e+11
4.77431e+12,7.07753e+11
4.82205e+12,7.19415e+11
4.87027e+12,7.3105e+11
4.91898e+12,7.42775e+11
4.96817e+12,7.55213e+11
5.01785e+12,7.68471e+11
5.06803e+12,7.82574e+11
5.11871e+12,7.99579e+11
5.16989e+12,8.20099e+11
5.22159e+12,8.42505e+11
5.27381e+12,8.66849e+11
5.32655e+12,8.85756e+11
5.37981e+12,9.03195e+11
5.43361e+12,9.20937e+11
5.48795e+12,9.38987e+11
5.54283e+12,9.57352e+11
5.59825e+12,9.76036e+11
5.65424e+12,9.95044e+11
5.71078e+12,1.01398e+12
5.76789e+12,1.03253e+12
5.82557e+12,1.05572e+12
5.88382e+12,1.07719e+12
5.94266e+12,1.09847e+12
6.00209e+12,1.11959e+12
6.06211e+12,1.14178e+12
6.12273e+12,1.16577e+12
6.18396e+12,1.19141e+12
6.2458e+12,1.21737e+12
6.30825e+12,1.24336e+12
6.37134e+12,1.26898e+12
6.43505e+12,1.29362e+12
6.4994e+12,1.31691e+12
6.56439e+12,1.33974e+12
6.63004e+12,1.36767e+12
6.69634e+12,1.39642e+12
6.7633e+12,1.42533e+12
6.83093e+12,1.45439e+12
6.89924e+12,1.48361e+12
6.96824e+12,1.51297e+12
7.03792e+12,1.5424e+12
7.1083e+12,1.57608e+12
7.17938e+12,1.61275e+12
7.25117e+12,1.64553e+12
7.32369e+12,1.67638e+12
7.39692e+12,1.70837e+12
7.47089e+12,1.74364e+12
7.5456e+12,1.78238e+12
7.62106e+12,1.82305e+12
7.69727e+12,1.8584e+12
7.77424e+12,1.89308e+12
7.85198e+12,1.92756e+12
7.9305e+12,1.96224e+12
8.00981e+12,1.99729e+12
8.08991e+12,2.03599e+12
8.17081e+12,2.07866e+12
8.25251e+12,2.12681e+12
8.33504e+12,2.17526e+12
8.41839e+12,2.22236e+12
8.50257e+12,2.27047e+12
8.5876e+12,2.31766e+12
8.67347e+12,2.36327e+12
8.76021e+12,2.40725e+12
8.84781e+12,2.45054e+12
8.93629e+12,2.49371e+12
9.02565e+12,2.53659e+12
9.11591e+12,2.59583e+12
9.20707e+12,2.65418e+12
9.29914e+12,2.71087e+12
9.39213e+12,2.76837e+12
9.48605e+12,2.82596e+12
9.58091e+12,2.88039e+12
9.67672e+12,2.9343e+12
9.77349e+12,2.98862e+12
9.87122e+12,3.04633e+12
9.96994e+12,3.11102e+12
1.00696e+13,3.17556e+12
1.01703e+13,3.24529e+12
1.0272e+13,3.31447e+12
1.03748e+13,3.38122e+12
1.04785e+13,3.44719e+12
1.05833e+13,3.51115e+12
1.06891e+13,3.57945e+12
1.0796e+13,3.65251e+12
1.0904e+13,3.72564e+12
1.1013e+13,3.7984e+12
1.11231e+13,3.88078e+12
1.12344e+13,3.96008e+12
1.13467e+13,4.04133e+12
1.14602e+13,4.12042e+12
1.15748e+13,4.20763e+12
1.16905e+13,4.29345e+12
1.18074e+13,4.37808e+12
1.19255e+13,4.46054e+12
1.20448e+13,4.54515e+12
1.21652e+13,4.63978e+12
1.22869e+13,4.73279e+12
1.24097e+13,4.83678e+12
1.25338e+13,4.93594e+12
1.26592e+13,5.03665e+12
1.27858e+13,5.13691e+12
1.29136e+13,5.23252e+12
1.30428e+13,5.32869e+12
1.31732e+13,5.44409e+12
1.33049e+13,5.56269e+12
1.3438e+13,5.67796e+12
1.35723e+13,5.78945e+12
1.37081e+13,5.9011e+12
1.38452e+13,6.01164e+12
1.39836e+13,6.13001e+12
1.41234e+13,6.26412e+12
1.42647e+13,6.39771e+12
1.44073e+13,6.52739e+12
1.45514e+13,6.65538e+12
1.46969e+13,6.78134e+12
1.48439e+13,6.91758e+12
1.49923e+13,7.05296e+12
1.51422e+13,7.20297e+12
1.52937e+13,7.35149e+12
1.54466e+13,7.4965e+12
1.56011e+13,7.64863e+12
1.57571e+13,7.80491e+12
1.59146e+13,7.95695e+12
1.60738e+13,8.11435e+12
1.62345e+13,8.27981e+12
1.63969e+13,8.44653e+12
1.65608e+13,8.62315e+12
1.67264e+13,8.79521e+12
1.68937e+13,8.96632e+12
1.70627e+13,9.14276e+12
1.72333e+13,9.3334e+12
1.74056e+13,9.52777e+12
1.75797e+13,9.72015e+12
1.77555e+13,9.90824e+12
1.7933e+13,1.00954e+13
1.81123e+13,1.03065e+13
1.82935e+13,1.05241e+13
1.84764e+13,1.07398e+13
1.86612e+13,1.09479e+13
1.88478e+13,1.11601e+13
1.90363e+13,1.13861e+13
1.92266e+13,1.16245e+13
1.94189e+13,1.18572e+13
1.96131e+13,1.20894e+13
1.98092e+13,1.2337e+13
2.00073e+13,1.25801e+13
2.02074e+13,1.28394e+13
2.04094e+13,1.30936e+13
2.06135e+13,1.33624e+13
2.08197e+13,1.36288e+13
2.10279e+13,1.38951e+13
2.12382e+13,1.41791e+13
2.14505e+13,1.44747e+13
2.1665e+13,1.47645e+13
2.18817e+13,1.50494e+13
2.21005e+13,1.53502e+13
2.23215e+13,1.56724e+13
2.25447e+13,1.5989e+13
2.27702e+13,1.63018e+13
2.29979e+13,1.6622e+13
2.32279e+13,1.6971e+13
2.34601e+13,1.73117e+13
2.36947e+13,1.76511e+13
2.39317e+13,1.80058e+13
2.4171e+13,1.8377e+13
2.44127e+13,1.87441e+13
2.46568e+13,1.91216e+13
2.49034e+13,1.95007e+13
2.51524e+13,1.98937e+13
2.5404e+13,2.02995e+13
2.5658e+13,2.07119e+13
2.59146e+13,2.11196e+13
2.61737e+13,2.16011e+13
2.64355e+13,2.24448e+13
2.66998e+13,2.4659e+13
2.69668e+13,3.15449e+13
2.72365e+13,6.90827e+13
2.75089e+13,0
2.77839e+13,0
2.80618e+13,0
2.83424e+13,0
2.86258e+13,0
2.89121e+13,0
2.92012e+13,0
2.94932e+13,0
2.97881e+13,0
3.0086e+13,0
3.03869e+13,0
3.06908e+13,0
3.09977e+13,0
3.13076e+13,0
3.16207e+13,0
3.19369e+13,0
3.22563e+13,0
3.25789e+13,0
3.29046e+13,0
3.32337e+13,0
3.3566e+13,0
3.39017e+13,0
3.42407e+13,0
3.45831e+13,0
3.49289e+13,0
3.52782e+13,0
3.5631e+13,0
3.59873e+13,0
3.63472e+13,0
3.67107e+13,0
3.70778e+13,0
3.74486e+13,0
3.7823e+13,0
3.82013e+13,0
3.85833e+13,0
3.89691e+13,0
3.93588e+13,0
3.97524e+13,0
4.01499e+13,0
4.05514e+13,0
4.09569e+13,0
4.13665e+13,0
4.17802e+13,0
4.2198e+13,0
4.26199e+13,0
4.30461e+13,0
4.34766e+13,0
4.39114e+13,0
4.43505e+13,0
4.4794e+13,0
4.52419e+13,0
4.56944e+13,0
4.61513e+13,0
4.66128e+13,0
4.70789e+13,0
4.75497e+13,0
4.80252e+13,0
4.85055e+13,0
4.89905e+13,0
4.94804e+13,0
4.99752e+13,0
5.0475e+13,0
5.09797e+13,0
5.14895e+13,0
5.20044e+13,0
5.25245e+13,0
5.30497e+13,0
5.35802e+13,0
5.4116e+13,0
5.46572e+13,0
5.52038e+13,0
5.57558e+13,0
5.63134e+13,0
5.68765e+13,0
5.74453e+13,0
5.80197e+13,0
5.85999e+13,0
5.91859e+13,0
5.97778e+13,0
6.03755e+13,0
6.09793e+13,0
6.15891e+13,0
6.2205e+13,0
6.2827e+13,0
6.34553e+13,0
6.40898e+13,0
6.47307e+13,0
6.53781e+13,0
6.60318e+13,0
6.66922e+13,0
6.73591e+13,0
6.80327e+13,0
6.8713e+13,0
6.94001e+13,0
7.00941e+13,0
7.07951e+13,0
7.1503e+13,0
7.2218e+13,0
7.29402e+13,0
7.36696e+13,0
7.44063e+13,0
7.51504e+13,0
7.59019e+13,0
7.66609e+13,0
7.74275e+13,0
7.82018e+13,0
7.89838e+13,0
7.97736e+13,0
8.05714e+13,0
8.13771e+13,0
8.21909e+13,0
8.30128e+13,0
8.38429e+13,0
8.46813e+13,0
8.55281e+13,0
8.63834e+13,0
8.72473e+13,0
8.81197e+13,0
8.90009e+13,0
8.98909e+13,0
9.07899e+13,0
9.16978e+13,0
9.26147e+13,0
9.35409e+13,0
9.44763e+13,0
9.5421e+13,0
9.63753e+13,0
9.7339e+13,0
9.83124e+13,0
9.92955e+13,0
