0,0
1,8.16022
2,75.2288
3,337.877
4,984.295
5,2188.96
6,4112.88
7,6911.62
8,10738.9
9,15747.8
10,22091.2
11,29922.5
12,39395.7
13,50665.7
14,63887.9
15,79218.1
16,96812
17,116825
18,139413
19,164731
20,192935
21,224181
22,258628
23,296436
24,337772
25,382806
26,431720
27,484706
28,541968
29,603728
30,670224
31,741717
32,818486
33,900835
34,989088
35,1.08359e+06
36,1.18472e+06
37,1.29285e+06
38,1.40839e+06
39,1.53177e+06
40,1.6634e+06
41,1.80373e+06
42,1.95319e+06
43,2.11222e+06
44,2.28126e+06
45,2.46073e+06
46,2.65104e+06
47,2.8526e+06
48,3.06577e+06
49,3.29091e+06
50,3.52836e+06
51,3.7784e+06
52,4.04131e+06
53,4.31733e+06
54,4.60666e+06
55,4.90947e+06
56,5.22589e+06
57,5.55604e+06
58,5.89996e+06
59,6.2577e+06
60,6.62925e+06
61,7.01456e+06
62,7.41357e+06
63,7.82618e+06
64,8.25225e+06
65,8.69162e+06
66,9.14411e+06
67,9.6095e+06
68,1.00876e+07
69,1.0578e+07
70,1.10806e+07
71,1.1595e+07
72,1.21209e+07
73,1.2658e+07
74,1.32059e+07
75,1.37643e+07
76,1.43329e+07
77,1.49111e+07
78,1.54988e+07
79,1.60954e+07
80,1.67005e+07
81,1.73139e+07
82,1.7935e+07
83,1.85636e+07
84,1.91991e+07
85,1.98413e+07
86,2.04896e+07
87,2.11438e+07
88,2.18034e+07
89,2.24681e+07
90,2.31374e+07
91,2.38111e+07
92,2.44887e+07
93,2.51698e+07
94,2.58542e+07
95,2.65415e+07
96,2.72314e+07
97,2.79234e+07
98,2.86174e+07
99,2.9313e+07
100,3.00099e+07
101,3.07078e+07
102,3.14065e+07
103,3.21055e+07
104,3.28048e+07
105,3.3504e+07
106,3.42029e+07
107,3.49012e+07
108,3.55988e+07
109,3.62953e+07
110,3.69906e+07
111,3.76845e+07
112,3.83767e+07
113,3.90672e+07
114,3.97557e+07
115,4.0442e+07
116,4.1126e+07
117,4.18075e+07
118,4.24863e+07
119,4.31624e+07
120,4.38356e+07
121,4.45058e+07
122,4.51728e+07
123,4.58365e+07
124,4.64969e+07
125,4.71537e+07
126,4.7807e+07
127,4.84567e+07
128,4.91026e+07
129,4.97446e+07
130,5.03827e+07
131,5.10169e+07
132,5.1647e+07
133,5.22731e+07
134,5.28949e+07
135,5.35126e+07
136,5.4126e+07
137,5.47351e+07
138,5.53399e+07
139,5.59403e+07
140,5.65363e+07
141,5.71279e+07
142,5.7715e+07
143,5.82977e+07
144,5.88759e+07
145,5.94495e+07
146,6.00186e+07
147,6.05832e+07
148,6.11433e+07
149,6.16988e+07
150,6.22498e+07
151,6.27962e+07
152,6.33381e+07
153,6.38754e+07
154,6.44082e+07
155,6.49364e+07
156,6.54602e+07
157,6.59794e+07
158,6.64941e+07
159,6.70043e+07
160,6.75101e+07
161,6.80114e+07
162,6.85083e+07
163,6.90007e+07
164,6.94887e+07
165,6.99724e+07
166,7.04517e+07
167,7.09267e+07
168,7.13974e+07
169,7.18637e+07
170,7.23258e+07
171,7.27837e+07
172,7.32374e+07
173,7.36869e+07
174,7.41322e+07
175,7.45734e+07
176,7.50105e+07
177,7.54436e+07
178,7.58726e+07
179,7.62976e+07
180,7.67186e+07
181,7.71356e+07
182,7.75488e+07
183,7.7958e+07
184,7.83634e+07
185,7.8765e+07
186,7.91628e+07
187,7.95569e+07
188,7.99472e+07
189,8.03338e+07
190,8.07167e+07
191,8.1096e+07
192,8.14717e+07
193,8.18439e+07
194,8.22125e+07
195,8.25776e+07
196,8.29393e+07
197,8.32975e+07
198,8.36523e+07
199,8.40037e+07
200,8.43518e+07
201,8.46966e+07
202,8.50381e+07
203,8.53763e+07
204,8.57113e+07
205,8.60432e+07
206,8.63719e+07
207,8.66975e+07
208,8.702e+07
209,8.73394e+07
210,8.76558e+07
211,8.79692e+07
212,8.82796e+07
213,8.85871e+07
214,8.88917e+07
215,8.91934e+07
216,8.94923e+07
217,8.97883e+07
218,9.00816e+07
219,9.03721e+07
220,9.06598e+07
221,9.09449e+07
222,9.12273e+07
223,9.1507e+07
224,9.17841e+07
225,9.20586e+07
226,9.23305e+07
227,9.25999e+07
228,9.28668e+07
229,9.31312e+07
230,9.33931e+07
231,9.36526e+07
232,9.39097e+07
233,9.41644e+07
234,9.44168e+07
235,9.46668e+07
236,9.49145e+07
237,9.51599e+07
238,9.54031e+07
239,9.5644e+07
240,9.58827e+07
241,9.61192e+07
242,9.63536e+07
243,9.65858e+07
244,9.68159e+07
245,9.70439e+07
246,9.72698e+07
247,9.74937e+07
248,9.77155e+07
249,9.79353e+07
250,9.81532e+07
251,9.8369e+07
252,9.8583e+07
253,9.8795e+07
254,9.90051e+07
255,9.92133e+07
256,9.94196e+07
257,9.96241e+07
258,9.98268e+07
259,1.00028e+08
260,1.00227e+08
261,1.00424e+08
262,1.0062e+08
263,1.00813e+08
264,1.01006e+08
265,1.01196e+08
266,1.01385e+08
267,1.01572e+08
268,1.01757e+08
269,1.01941e+08
270,1.02123e+08
271,1.02304e+08
272,1.02483e+08
273,1.02661e+08
274,1.02837e+08
275,1.03011e+08
276,1.03184e+08
277,1.03356e+08
278,1.03526e+08
279,1.03694e+08
280,1.03861e+08
281,1.04027e+08
282,1.04191e+08
283,1.04354e+08
284,1.04515e+08
285,1.04676e+08
286,1.04834e+08
287,1.04992e+08
288,1.05148e+08
289,1.05303e+08
290,1.05456e+08
291,1.05608e+08
292,1.05759e+08
293,1.05909e+08
294,1.06057e+08
295,1.06204e+08
296,1.0635e+08
297,1.06495e+08
298,1.06638e+08
299,1.06781e+08
300,1.06922e+08
301,1.07062e+08
302,1.07201e+08
303,1.07338e+08
304,1.07475e+08
305,1.07611e+08
306,1.07745e+08
307,1.07878e+08
308,1.0801e+08
309,1.08142e+08
310,1.08272e+08
311,1.08401e+08
312,1.08529e+08
313,1.08656e+08
314,1.08782e+08
315,1.08906e+08
316,1.0903e+08
317,1.09153e+08
318,1.09275e+08
319,1.09396e+08
320,1.09516e+08
321,1.09636e+08
322,1.09754e+08
323,1.09871e+08
324,1.09987e+08
325,1.10103e+08
326,1.10217e+08
327,1.10331e+08
328,1.10444e+08
329,1.10555e+08
330,1.10666e+08
331,1.10777e+08
332,1.10886e+08
333,1.10994e+08
334,1.11102e+08
335,1.11209e+08
336,1.11315e+08
337,1.1142e+08
338,1.11524e+08
339,1.11628e+08
340,1.1173e+08
341,1.11832e+08
342,1.11934e+08
343,1.12034e+08
344,1.12134e+08
345,1.12233e+08
346,1.12331e+08
347,1.12428e+08
348,1.12525e+08
349,1.12621e+08
350,1.12717e+08
351,1.12811e+08
352,1.12905e+08
353,1.12998e+08
354,1.13091e+08
355,1.13183e+08
356,1.13274e+08
357,1.13364e+08
358,1.13454e+08
359,1.13543e+08
360,1.13632e+08
361,1.1372e+08
362,1.13807e+08
363,1.13894e+08
364,1.1398e+08
365,1.14065e+08
366,1.1415e+08
367,1.14234e+08
368,1.14317e+08
369,1.144e+08
370,1.14483e+08
371,1.14564e+08
372,1.14646e+08
373,1.14726e+08
374,1.14806e+08
375,1.14886e+08
376,1.14965e+08
377,1.15043e+08
378,1.15121e+08
379,1.15198e+08
380,1.15275e+08
381,1.15351e+08
382,1.15426e+08
383,1.15502e+08
384,1.15576e+08
385,1.1565e+08
386,1.15724e+08
387,1.15797e+08
388,1.15869e+08
389,1.15941e+08
390,1.16013e+08
391,1.16084e+08
392,1.16155e+08
393,1.16225e+08
394,1.16294e+08
395,1.16363e+08
396,1.16432e+08
397,1.165e+08
398,1.16568e+08
399,1.16635e+08
400,1.16702e+08
401,1.16769e+08
402,1.16835e+08
403,1.169e+08
404,1.16965e+08
405,1.1703e+08
406,1.17094e+08
407,1.17158e+08
408,1.17221e+08
409,1.17284e+08
410,1.17347e+08
411,1.17409e+08
412,1.1747e+08
413,1.17532e+08
414,1.17593e+08
415,1.17653e+08
416,1.17713e+08
417,1.17773e+08
418,1.17832e+08
419,1.17891e+08
420,1.1795e+08
421,1.18008e+08
422,1.18066e+08
423,1.18123e+08
424,1.1818e+08
425,1.18237e+08
426,1.18293e+08
427,1.18349e+08
428,1.18405e+08
429,1.1846e+08
430,1.18515e+08
431,1.1857e+08
432,1.18624e+08
433,1.18678e+08
434,1.18731e+08
435,1.18784e+08
436,1.18837e+08
437,1.1889e+08
438,1.18942e+08
439,1.18994e+08
440,1.19045e+08
441,1.19097e+08
442,1.19148e+08
443,1.19198e+08
444,1.19248e+08
445,1.19298e+08
446,1.19348e+08
447,1.19397e+08
448,1.19446e+08
449,1.19495e+08
450,1.19544e+08
451,1.19592e+08
452,1.1964e+08
453,1.19687e+08
454,1.19735e+08
455,1.19782e+08
456,1.19828e+08
457,1.19875e+08
458,1.19921e+08
459,1.19967e+08
460,1.20012e+08
461,1.20058e+08
462,1.20103e+08
463,1.20147e+08
464,1.20192e+08
465,1.20236e+08
466,1.2028e+08
467,1.20324e+08
468,1.20367e+08
469,1.20411e+08
470,1.20454e+08
471,1.20496e+08
472,1.20539e+08
473,1.20581e+08
474,1.20623e+08
475,1.20665e+08
476,1.20706e+08
477,1.20747e+08
478,1.20788e+08
479,1.20829e+08
480,1.2087e+08
481,1.2091e+08
482,1.2095e+08
483,1.2099e+08
484,1.21029e+08
485,1.21069e+08
486,1.21108e+08
487,1.21147e+08
488,1.21185e+08
489,1.21224e+08
490,1.21262e+08
491,1.213e+08
492,1.21338e+08
493,1.21375e+08
494,1.21413e+08
495,1.2145e+08
496,1.21487e+08
497,1.21524e+08
498,1.2156e+08
499,1.21597e+08
500,1.21633e+08
501,1.21669e+08
502,1.21704e+08
503,1.2174e+08
504,1.21775e+08
505,1.2181e+08
506,1.21845e+08
507,1.2188e+08
508,1.21915e+08
509,1.21949e+08
510,1.21983e+08
511,1.22017e+08
512,1.22051e+08
513,1.22085e+08
514,1.22118e+08
515,1.22151e+08
516,1.22184e+08
517,1.22217e+08
518,1.2225e+08
519,1.22283e+08
520,1.22315e+08
521,1.22347e+08
522,1.22379e+08
523,1.22411e+08
524,1.22443e+08
525,1.22474e+08
526,1.22505e+08
527,1.22537e+08
528,1.22568e+08
529,1.22598e+08
530,1.22629e+08
531,1.2266e+08
532,1.2269e+08
533,1.2272e+08
534,1.2275e+08
535,1.2278e+08
536,1.2281e+08
537,1.22839e+08
538,1.22869e+08
539,1.22898e+08
540,1.22927e+08
541,1.22956e+08
542,1.22985e+08
543,1.23013e+08
544,1.23042e+08
545,1.2307e+08
546,1.23098e+08
547,1.23126e+08
548,1.23154e+08
549,1.23182e+08
550,1.2321e+08
551,1.23237e+08
552,1.23265e+08
553,1.23292e+08
554,1.23319e+08
555,1.23346e+08
556,1.23372e+08
557,1.23399e+08
558,1.23426e+08
559,1.23452e+08
560,1.23478e+08
561,1.23504e+08
562,1.2353e+08
563,1.23556e+08
564,1.23582e+08
565,1.23607e+08
566,1.23633e+08
567,1.23658e+08
568,1.23683e+08
569,1.23708e+08
570,1.23733e+08
571,1.23758e+08
572,1.23783e+08
573,1.23807e+08
574,1.23832e+08
575,1.23856e+08
576,1.2388e+08
577,1.23905e+08
578,1.23929e+08
579,1.23952e+08
580,1.23976e+08
581,1.24e+08
582,1.24023e+08
583,1.24047e+08
584,1.2407e+08
585,1.24093e+08
586,1.24116e+08
587,1.24139e+08
588,1.24162e+08
589,1.24185e+08
590,1.24207e+08
591,1.2423e+08
592,1.24252e+08
593,1.24274e+08
594,1.24297e+08
595,1.24319e+08
596,1.24341e+08
597,1.24362e+08
598,1.24384e+08
599,1.24406e+08
600,1.24427e+08
601,1.24449e+08
602,1.2447e+08
603,1.24491e+08
604,1.24513e+08
605,1.24534e+08
606,1.24555e+08
607,1.24575e+08
608,1.24596e+08
609,1.24617e+08
610,1.24637e+08
611,1.24658e+08
612,1.24678e+08
613,1.24698e+08
614,1.24719e+08
615,1.24739e+08
616,1.24759e+08
617,1.24778e+08
618,1.24798e+08
619,1.24818e+08
620,1.24838e+08
621,1.24857e+08
622,1.24877e+08
623,1.24896e+08
624,1.24915e+08
625,1.24934e+08
626,1.24953e+08
627,1.24972e+08
628,1.24991e+08
629,1.2501e+08
630,1.25029e+08
631,1.25047e+08
632,1.25066e+08
633,1.25084e+08
634,1.25103e+08
635,1.25121e+08
636,1.25139e+08
637,1.25158e+08
638,1.25176e+08
639,1.25194e+08
640,1.25211e+08
641,1.25229e+08
642,1.25247e+08
643,1.25265e+08
644,1.25282e+08
645,1.253e+08
646,1.25317e+08
647,1.25335e+08
648,1.25352e+08
649,1.25369e+08
650,1.25386e+08
651,1.25403e+08
652,1.2542e+08
653,1.25437e+08
654,1.25454e+08
655,1.25471e+08
656,1.25487e+08
657,1.25504e+08
658,1.2552e+08
659,1.25537e+08
660,1.25553e+08
661,1.2557e+08
662,1.25586e+08
663,1.25602e+08
664,1.25618e+08
665,1.25634e+08
666,1.2565e+08
667,1.25666e+08
668,1.25682e+08
669,1.25697e+08
670,1.25713e+08
671,1.25729e+08
672,1.25744e+08
673,1.2576e+08
674,1.25775e+08
675,1.25791e+08
676,1.25806e+08
677,1.25821e+08
678,1.25836e+08
679,1.25851e+08
680,1.25866e+08
681,1.25881e+08
682,1.25896e+08
683,1.25911e+08
684,1.25926e+08
685,1.2594e+08
686,1.25955e+08
687,1.2597e+08
688,1.25984e+08
689,1.25999e+08
690,1.26013e+08
691,1.26027e+08
692,1.26042e+08
693,1.26056e+08
694,1.2607e+08
695,1.26084e+08
696,1.26098e+08
697,1.26112e+08
698,1.26126e+08
699,1.2614e+08
700,1.26154e+08
701,1.26168e+08
702,1.26181e+08
703,1.26195e+08
704,1.26209e+08
705,1.26222e+08
706,1.26236e+08
707,1.26249e+08
708,1.26262e+08
709,1.26276e+08
710,1.26289e+08
711,1.26302e+08
712,1.26315e+08
713,1.26328e+08
714,1.26341e+08
715,1.26354e+08
716,1.26367e+08
717,1.2638e+08
718,1.26393e+08
719,1.26406e+08
720,1.26419e+08
721,1.26431e+08
722,1.26444e+08
723,1.26456e+08
724,1.26469e+08
725,1.26481e+08
726,1.26494e+08
727,1.26506e+08
728,1.26519e+08
729,1.26531e+08
730,1.26543e+08
731,1.26555e+08
732,1.26567e+08
733,1.26579e+08
734,1.26592e+08
735,1.26604e+08
736,1.26615e+08
737,1.26627e+08
738,1.26639e+08
739,1.26651e+08
740,1.26663e+08
741,1.26674e+08
742,1.26686e+08
743,1.26698e+08
744,1.26709e+08
745,1.26721e+08
746,1.26732e+08
747,1.26744e+08
748,1.26755e+08
749,1.26766e+08
750,1.26778e+08
751,1.26789e+08
752,1.268e+08
753,1.26811e+08
754,1.26823e+08
755,1.26834e+08
756,1.26845e+08
757,1.26856e+08
758,1.26867e+08
759,1.26878e+08
760,1.26888e+08
761,1.26899e+08
762,1.2691e+08
763,1.26921e+08
764,1.26932e+08
765,1.26942e+08
766,1.26953e+08
767,1.26963e+08
768,1.26974e+08
769,1.26984e+08
770,1.26995e+08
771,1.27005e+08
772,1.27016e+08
773,1.27026e+08
774,1.27036e+08
775,1.27047e+08
776,1.27057e+08
777,1.27067e+08
778,1.27077e+08
779,1.27087e+08
780,1.27098e+08
781,1.27108e+08
782,1.27118e+08
783,1.27128e+08
784,1.27137e+08
785,1.27147e+08
786,1.27157e+08
787,1.27167e+08
788,1.27177e+08
789,1.27187e+08
790,1.27196e+08
791,1.27206e+08
792,1.27216e+08
793,1.27225e+08
794,1.27235e+08
795,1.27244e+08
796,1.27254e+08
797,1.27263e+08
798,1.27273e+08
799,1.27282e+08
800,1.27291e+08
801,1.27301e+08
802,1.2731e+08
803,1.27319e+08
804,1.27329e+08
805,1.27338e+08
806,1.27347e+08
807,1.27356e+08
808,1.27365e+08
809,1.27374e+08
810,1.27383e+08
811,1.27392e+08
812,1.27401e+08
813,1.2741e+08
814,1.27419e+08
815,1.27428e+08
816,1.27437e+08
817,1.27446e+08
818,1.27454e+08
819,1.27463e+08
820,1.27472e+08
821,1.2748e+08
822,1.27489e+08
823,1.27498e+08
824,1.27506e+08
825,1.27515e+08
826,1.27523e+08
827,1.27532e+08
828,1.2754e+08
829,1.27549e+08
830,1.27557e+08
831,1.27566e+08
832,1.27574e+08
833,1.27582e+08
834,1.27591e+08
835,1.27599e+08
836,1.27607e+08
837,1.27615e+08
838,1.27623e+08
839,1.27632e+08
840,1.2764e+08
841,1.27648e+08
842,1.27656e+08
843,1.27664e+08
844,1.27672e+08
845,1.2768e+08
846,1.27688e+08
847,1.27696e+08
848,1.27704e+08
849,1.27711e+08
850,1.27719e+08
851,1.27727e+08
852,1.27735e+08
853,1.27743e+08
854,1.2775e+08
855,1.27758e+08
856,1.27766e+08
857,1.27773e+08
858,1.27781e+08
859,1.27789e+08
860,1.27796e+08
861,1.27804e+08
862,1.27811e+08
863,1.27819e+08
864,1.27826e+08
865,1.27834e+08
866,1.27841e+08
867,1.27849e+08
868,1.27856e+08
869,1.27863e+08
870,1.27871e+08
871,1.27878e+08
872,1.27885e+08
873,1.27892e+08
874,1.279e+08
875,1.27907e+08
876,1.27914e+08
877,1.27921e+08
878,1.27928e+08
879,1.27935e+08
880,1.27943e+08
881,1.2795e+08
882,1.27957e+08
883,1.27964e+08
884,1.27971e+08
885,1.27978e+08
886,1.27985e+08
887,1.27991e+08
888,1.27998e+08
889,1.28005e+08
890,1.28012e+08
891,1.28019e+08
892,1.28026e+08
893,1.28032e+08
894,1.28039e+08
895,1.28046e+08
896,1.28053e+08
897,1.28059e+08
898,1.28066e+08
899,1.28073e+08
900,1.28079e+08
901,1.28086e+08
902,1.28093e+08
903,1.28099e+08
904,1.28106e+08
905,1.28112e+08
906,1.28119e+08
907,1.28125e+08
908,1.28132e+08
909,1.28138e+08
910,1.28144e+08
911,1.28151e+08
912,1.28157e+08
913,1.28164e+08
914,1.2817e+08
915,1.28176e+08
916,1.28183e+08
917,1.28189e+08
918,1.28195e+08
919,1.28201e+08
920,1.28207e+08
921,1.28214e+08
922,1.2822e+08
923,1.28226e+08
924,1.28232e+08
925,1.28238e+08
926,1.28244e+08
927,1.2825e+08
928,1.28256e+08
929,1.28263e+08
930,1.28269e+08
931,1.28275e+08
932,1.28281e+08
933,1.28286e+08
934,1.28292e+08
935,1.28298e+08
936,1.28304e+08
937,1.2831e+08
938,1.28316e+08
939,1.28322e+08
940,1.28328e+08
941,1.28334e+08
942,1.28339e+08
943,1.28345e+08
944,1.28351e+08
945,1.28357e+08
946,1.28362e+08
947,1.28368e+08
948,1.28374e+08
949,1.28379e+08
950,1.28385e+08
951,1.28391e+08
952,1.28396e+08
953,1.28402e+08
954,1.28407e+08
955,1.28413e+08
956,1.28419e+08
957,1.28424e+08
958,1.2843e+08
959,1.28435e+08
960,1.28441e+08
961,1.28446e+08
962,1.28452e+08
963,1.28457e+08
964,1.28462e+08
965,1.28468e+08
966,1.28473e+08
967,1.28479e+08
968,1.28484e+08
969,1.28489e+08
970,1.28495e+08
971,1.285e+08
972,1.28505e+08
973,1.2851e+08
974,1.28516e+08
975,1.28521e+08
976,1.28526e+08
977,1.28531e+08
978,1.28537e+08
979,1.28542e+08
980,1.28547e+08
981,1.28552e+08
982,1.28557e+08
983,1.28562e+08
984,1.28567e+08
985,1.28572e+08
986,1.28577e+08
987,1.28583e+08
988,1.28588e+08
989,1.28593e+08
990,1.28598e+08
991,1.28603e+08
992,1.28608e+08
993,1.28613e+08
994,1.28617e+08
995,1.28622e+08
996,1.28627e+08
997,1.28632e+08
998,1.28637e+08
999,1.28642e+08
1000,1.28647e+08
1001,1.28652e+08
1002,1.28657e+08
1003,1.28661e+08
1004,1.28666e+08
1005,1.28671e+08
1006,1.28676e+08
1007,1.2868e+08
1008,1.28685e+08
1009,1.2869e+08
1010,1.28695e+08
1011,1.28699e+08
1012,1.28704e+08
1013,1.28709e+08
1014,1.28713e+08
1015,1.28718e+08
1016,1.28723e+08
1017,1.28727e+08
1018,1.28732e+08
1019,1.28737e+08
1020,1.28741e+08
1021,1.28746e+08
1022,1.2875e+08
1023,1.28755e+08
1024,1.28759e+08
1025,1.28764e+08
1026,1.28768e+08
1027,1.28773e+08
1028,1.28777e+08
1029,1.28782e+08
1030,1.28786e+08
1031,1.28791e+08
1032,1.28795e+08
1033,1.288e+08
1034,1.28804e+08
1035,1.28808e+08
1036,1.28813e+08
1037,1.28817e+08
1038,1.28821e+08
1039,1.28826e+08
1040,1.2883e+08
1041,1.28834e+08
1042,1.28839e+08
1043,1.28843e+08
1044,1.28847e+08
1045,1.28852e+08
1046,1.28856e+08
1047,1.2886e+08
1048,1.28864e+08
1049,1.28868e+08
1050,1.28873e+08
1051,1.28877e+08
1052,1.28881e+08
1053,1.28885e+08
1054,1.28889e+08
1055,1.28894e+08
1056,1.28898e+08
1057,1.28902e+08
1058,1.28906e+08
1059,1.2891e+08
1060,1.28914e+08
1061,1.28918e+08
1062,1.28922e+08
1063,1.28926e+08
1064,1.2893e+08
1065,1.28934e+08
1066,1.28938e+08
1067,1.28942e+08
1068,1.28946e+08
1069,1.2895e+08
1070,1.28954e+08
1071,1.28958e+08
1072,1.28962e+08
1073,1.28966e+08
1074,1.2897e+08
1075,1.28974e+08
1076,1.28978e+08
1077,1.28982e+08
1078,1.28986e+08
1079,1.2899e+08
1080,1.28994e+08
1081,1.28997e+08
1082,1.29001e+08
1083,1.29005e+08
1084,1.29009e+08
1085,1.29013e+08
1086,1.29017e+08
1087,1.2902e+08
1088,1.29024e+08
1089,1.29028e+08
1090,1.29032e+08
1091,1.29036e+08
1092,1.29039e+08
1093,1.29043e+08
1094,1.29047e+08
1095,1.2905e+08
1096,1.29054e+08
1097,1.29058e+08
1098,1.29062e+08
1099,1.29065e+08
1100,1.29069e+08
1101,1.29073e+08
1102,1.29076e+08
1103,1.2908e+08
1104,1.29083e+08
1105,1.29087e+08
1106,1.29091e+08
1107,1.29094e+08
1108,1.29098e+08
1109,1.29101e+08
1110,1.29105e+08
1111,1.29109e+08
1112,1.29112e+08
1113,1.29116e+08
1114,1.29119e+08
1115,1.29123e+08
1116,1.29126e+08
1117,1.2913e+08
1118,1.29133e+08
1119,1.29137e+08
1120,1.2914e+08
1121,1.29144e+08
1122,1.29147e+08
1123,1.29151e+08
1124,1.29154e+08
1125,1.29157e+08
1126,1.29161e+08
1127,1.29164e+08
1128,1.29168e+08
1129,1.29171e+08
1130,1.29174e+08
1131,1.29178e+08
1132,1.29181e+08
1133,1.29185e+08
1134,1.29188e+08
1135,1.29191e+08
1136,1.29195e+08
1137,1.29198e+08
1138,1.29201e+08
1139,1.29205e+08
1140,1.29208e+08
1141,1.29211e+08
1142,1.29214e+08
1143,1.29218e+08
1144,1.29221e+08
1145,1.29224e+08
1146,1.29227e+08
1147,1.29231e+08
1148,1.29234e+08
1149,1.29237e+08
1150,1.2924e+08
1151,1.29244e+08
1152,1.29247e+08
1153,1.2925e+08
1154,1.29253e+08
1155,1.29256e+08
1156,1.29259e+08
1157,1.29263e+08
1158,1.29266e+08
1159,1.29269e+08
1160,1.29272e+08
1161,1.29275e+08
1162,1.29278e+08
1163,1.29281e+08
1164,1.29285e+08
1165,1.29288e+08
1166,1.29291e+08
1167,1.29294e+08
1168,1.29297e+08
1169,1.293e+08
1170,1.29303e+08
1171,1.29306e+08
1172,1.29309e+08
1173,1.29312e+08
1174,1.29315e+08
1175,1.29318e+08
1176,1.29321e+08
1177,1.29324e+08
1178,1.29327e+08
1179,1.2933e+08
1180,1.29333e+08
1181,1.29336e+08
1182,1.29339e+08
1183,1.29342e+08
1184,1.29345e+08
1185,1.29348e+08
1186,1.29351e+08
1187,1.29354e+08
1188,1.29357e+08
1189,1.2936e+08
1190,1.29362e+08
1191,1.29365e+08
1192,1.29368e+08
1193,1.29371e+08
1194,1.29374e+08
1195,1.29377e+08
1196,1.2938e+08
1197,1.29383e+08
1198,1.29385e+08
1199,1.29388e+08
1200,1.29391e+08
