0,0
1,0.021391
2,0.248629
3,1.12603
4,3.10792
5,6.52106
6,11.704
7,19.0099
8,28.7946
9,41.4132
10,57.2198
11,76.5679
12,99.8107
13,127.299
14,159.377
15,196.377
16,238.605
17,286.334
18,339.789
19,399.137
20,464.482
21,535.857
22,613.229
23,696.5
24,785.511
25,880.057
26,979.888
27,1084.73
28,1194.28
29,1308.24
30,1426.3
31,1548.15
32,1673.51
33,1802.12
34,1933.73
35,2068.11
36,2205.08
37,2344.47
38,2486.14
39,2630
40,2775.95
41,2923.94
42,3073.94
43,3225.92
44,3379.9
45,3535.88
46,3693.89
47,3853.99
48,4016.2
49,4180.59
50,4347.2
51,4516.1
52,4687.34
53,4860.96
54,5037.03
55,5215.59
56,5396.67
57,5580.32
58,5766.55
59,5955.38
60,6146.84
61,6340.92
62,6537.62
63,6736.92
64,6938.81
65,7143.26
66,7350.24
67,7559.7
68,7771.59
69,7985.86
70,8202.46
71,8421.3
72,8642.33
73,8865.47
74,9090.63
75,9317.73
76,9546.69
77,9777.41
78,10009.8
79,10243.8
80,10479.2
81,10716.1
82,10954.2
83,11193.5
84,11433.9
85,11675.3
86,11917.6
87,12160.7
88,12404.5
89,12648.9
90,12893.7
91,13139
92,13384.7
93,13630.5
94,13876.5
95,14122.6
96,14368.6
97,14614.5
98,14860.3
99,15105.7
100,15350.9
101,15595.6
102,15839.8
103,16083.5
104,16326.5
105,16568.9
106,16810.5
107,17051.4
108,17291.3
109,17530.4
110,17768.5
111,18005.6
112,18241.6
113,18476.6
114,18710.3
115,18942.9
116,19174.3
117,19404.4
118,19633.3
119,19860.8
120,20086.9
121,20311.7
122,20535.1
123,20757
124,20977.5
125,21196.5
126,21414
127,21629.9
128,21844.4
129,22057.3
130,22268.6
131,22478.4
132,22686.6
133,22893.1
134,23098.1
135,23301.5
136,23503.2
137,23703.4
138,23901.9
139,24098.7
140,24293.9
141,24487.5
142,24679.5
143,24869.8
144,25058.5
145,25245.5
146,25430.9
147,25614.7
148,25796.9
149,25977.4
150,26156.3
151,26333.6
152,26509.3
153,26683.4
154,26855.9
155,27026.8
156,27196.1
157,27363.8
158,27530
159,27694.6
160,27857.7
161,28019.3
162,28179.3
163,28337.8
164,28494.8
165,28650.3
166,28804.2
167,28956.8
168,29107.8
169,29257.4
170,29405.6
171,29552.3
172,29697.6
173,29841.5
174,29983.9
175,30125
176,30264.7
177,30403.1
178,30540.1
179,30675.8
180,30810.1
181,30943.1
182,31074.8
183,31205.2
184,31334.3
185,31462.2
186,31588.8
187,31714.1
188,31838.3
189,31961.1
190,32082.8
191,32203.3
192,32322.6
193,32440.7
194,32557.7
195,32673.5
196,32788.2
197,32901.7
198,33014.2
199,33125.5
200,33235.7
201,33344.8
202,33452.9
203,33559.9
204,33665.9
205,33770.8
206,33874.7
207,33977.6
208,34079.5
209,34180.3
210,34280.2
211,34379.2
212,34477.1
213,34574.1
214,34670.2
215,34765.3
216,34859.5
217,34952.8
218,35045.2
219,35136.7
220,35227.3
221,35317.1
222,35405.9
223,35494
224,35581.1
225,35667.5
226,35753
227,35837.7
228,35921.6
229,36004.7
230,36087
231,36168.5
232,36249.2
233,36329.2
234,36408.4
235,36486.9
236,36564.6
237,36641.6
238,36717.9
239,36793.5
240,36868.3
241,36942.5
242,37015.9
243,37088.7
244,37160.8
245,37232.2
246,37303
247,37373.1
248,37442.6
249,37511.4
250,37579.6
251,37647.1
252,37714.1
253,37780.4
254,37846.1
255,37911.3
256,37975.8
257,38039.7
258,38103.1
259,38165.9
260,38228.1
261,38289.8
262,38350.9
263,38411.4
264,38471.4
265,38530.9
266,38589.9
267,38648.3
268,38706.2
269,38763.6
270,38820.4
271,38876.8
272,38932.7
273,38988.1
274,39043
275,39097.4
276,39151.3
277,39204.8
278,39257.8
279,39310.3
280,39362.4
281,39414
282,39465.2
283,39516
284,39566.3
285,39616.2
286,39665.6
287,39714.6
288,39763.2
289,39811.4
290,39859.2
291,39906.6
292,39953.5
293,40000.1
294,40046.3
295,40092.1
296,40137.5
297,40182.5
298,40227.2
299,40271.4
300,40315.4
301,40358.9
302,40402.1
303,40444.9
304,40487.4
305,40529.5
306,40571.3
307,40612.7
308,40653.8
309,40694.5
310,40735
311,40775.1
312,40814.8
313,40854.3
314,40893.4
315,40932.2
316,40970.7
317,41008.9
318,41046.8
319,41084.3
320,41121.6
321,41158.6
322,41195.3
323,41231.7
324,41267.8
325,41303.6
326,41339.1
327,41374.4
328,41409.4
329,41444.1
330,41478.5
331,41512.7
332,41546.6
333,41580.2
334,41613.6
335,41646.7
336,41679.6
337,41712.2
338,41744.6
339,41776.7
340,41808.5
341,41840.2
342,41871.5
343,41902.7
344,41933.6
345,41964.2
346,41994.7
347,42024.9
348,42054.9
349,42084.6
350,42114.2
351,42143.5
352,42172.6
353,42201.4
354,42230.1
355,42258.5
356,42286.8
357,42314.8
358,42342.6
359,42370.2
360,42397.7
361,42424.9
362,42451.9
363,42478.7
364,42505.3
365,42531.7
366,42558
367,42584
368,42609.9
369,42635.5
370,42661
371,42686.3
372,42711.5
373,42736.4
374,42761.2
375,42785.7
376,42810.2
377,42834.4
378,42858.5
379,42882.4
380,42906.1
381,42929.7
382,42953
383,42976.3
384,42999.4
385,43022.3
386,43045
387,43067.6
388,43090
389,43112.3
390,43134.4
391,43156.4
392,43178.2
393,43199.9
394,43221.4
395,43242.8
396,43264
397,43285.1
398,43306.1
399,43326.9
400,43347.5
401,43368
402,43388.4
403,43408.7
404,43428.8
405,43448.7
406,43468.6
407,43488.3
408,43507.9
409,43527.3
410,43546.6
411,43565.8
412,43584.9
413,43603.8
414,43622.6
415,43641.3
416,43659.9
417,43678.3
418,43696.6
419,43714.8
420,43732.9
421,43750.9
422,43768.7
423,43786.5
424,43804.1
425,43821.6
426,43839
427,43856.3
428,43873.4
429,43890.5
430,43907.4
431,43924.3
432,43941
433,43957.6
434,43974.2
435,43990.6
436,44006.9
437,44023.1
438,44039.2
439,44055.2
440,44071.1
441,44087
442,44102.7
443,44118.3
444,44133.8
445,44149.2
446,44164.5
447,44179.8
448,44194.9
449,44210
450,44224.9
451,44239.8
452,44254.5
453,44269.2
454,44283.8
455,44298.3
456,44312.7
457,44327
458,44341.3
459,44355.4
460,44369.5
461,44383.4
462,44397.3
463,44411.2
464,44424.9
465,44438.5
466,44452.1
467,44465.6
468,44479
469,44492.3
470,44505.6
471,44518.7
472,44531.8
473,44544.8
474,44557.8
475,44570.6
476,44583.4
477,44596.1
478,44608.7
479,44621.3
480,44633.8
481,44646.2
482,44658.6
483,44670.8
484,44683
485,44695.2
486,44707.2
487,44719.2
488,44731.1
489,44743
490,44754.8
491,44766.5
492,44778.1
493,44789.7
494,44801.2
495,44812.7
496,44824.1
497,44835.4
498,44846.7
499,44857.9
500,44869
501,44880.1
502,44891.1
503,44902
504,44912.9
505,44923.8
506,44934.5
507,44945.2
508,44955.9
509,44966.5
510,44977
511,44987.5
512,44997.9
513,45008.3
514,45018.6
515,45028.8
516,45039
517,45049.1
518,45059.2
519,45069.2
520,45079.2
521,45089.1
522,45099
523,45108.8
524,45118.5
525,45128.2
526,45137.9
527,45147.5
528,45157
529,45166.5
530,45176
531,45185.3
532,45194.7
533,45204
534,45213.2
535,45222.4
536,45231.6
537,45240.7
538,45249.7
539,45258.7
540,45267.7
541,45276.6
542,45285.5
543,45294.3
544,45303
545,45311.8
546,45320.4
547,45329.1
548,45337.7
549,45346.2
550,45354.7
551,45363.2
552,45371.6
553,45380
554,45388.3
555,45396.6
556,45404.8
557,45413
558,45421.2
559,45429.3
560,45437.4
561,45445.4
562,45453.4
563,45461.3
564,45469.3
565,45477.1
566,45485
567,45492.8
568,45500.5
569,45508.2
570,45515.9
571,45523.5
572,45531.1
573,45538.7
574,45546.2
575,45553.7
576,45561.2
577,45568.6
578,45576
579,45583.3
580,45590.6
581,45597.9
582,45605.1
583,45612.3
584,45619.5
585,45626.6
586,45633.7
587,45640.7
588,45647.8
589,45654.8
590,45661.7
591,45668.6
592,45675.5
593,45682.4
594,45689.2
595,45696
596,45702.7
597,45709.5
598,45716.2
599,45722.8
600,45729.4
601,45736
602,45742.6
603,45749.1
604,45755.6
605,45762.1
606,45768.6
607,45775
608,45781.4
609,45787.7
610,45794
611,45800.3
612,45806.6
613,45812.8
614,45819
615,45825.2
616,45831.3
617,45837.4
618,45843.5
619,45849.6
620,45855.6
621,45861.6
622,45867.6
623,45873.6
624,45879.5
625,45885.4
626,45891.2
627,45897.1
628,45902.9
629,45908.7
630,45914.4
631,45920.2
632,45925.9
633,45931.6
634,45937.2
635,45942.8
636,45948.4
637,45954
638,45959.6
639,45965.1
640,45970.6
641,45976.1
642,45981.5
643,45987
644,45992.4
645,45997.8
646,46003.1
647,46008.4
648,46013.8
649,46019
650,46024.3
651,46029.5
652,46034.8
653,46040
654,46045.1
655,46050.3
656,46055.4
657,46060.5
658,46065.6
659,46070.6
660,46075.7
661,46080.7
662,46085.7
663,46090.6
664,46095.6
665,46100.5
666,46105.4
667,46110.3
668,46115.2
669,46120
670,46124.8
671,46129.6
672,46134.4
673,46139.2
674,46143.9
675,46148.6
676,46153.3
677,46158
678,46162.7
679,46167.3
680,46171.9
681,46176.5
682,46181.1
683,46185.7
684,46190.2
685,46194.7
686,46199.2
687,46203.7
688,46208.2
689,46212.6
690,46217
691,46221.4
692,46225.8
693,46230.2
694,46234.6
695,46238.9
696,46243.2
697,46247.5
698,46251.8
699,46256.1
700,46260.3
701,46264.5
702,46268.7
703,46272.9
704,46277.1
705,46281.3
706,46285.4
707,46289.5
708,46293.6
709,46297.7
710,46301.8
711,46305.9
712,46309.9
713,46313.9
714,46317.9
715,46321.9
716,46325.9
717,46329.9
718,46333.8
719,46337.7
720,46341.6
721,46345.5
722,46349.4
723,46353.3
724,46357.1
725,46361
726,46364.8
727,46368.6
728,46372.4
729,46376.1
730,46379.9
731,46383.6
732,46387.4
733,46391.1
734,46394.8
735,46398.5
736,46402.1
737,46405.8
738,46409.4
739,46413.1
740,46416.7
741,46420.3
742,46423.9
743,46427.4
744,46431
745,46434.5
746,46438
747,46441.6
748,46445.1
749,46448.5
750,46452
751,46455.5
752,46458.9
753,46462.4
754,46465.8
755,46469.2
756,46472.6
757,46476
758,46479.3
759,46482.7
760,46486
761,46489.3
762,46492.7
763,46496
764,46499.3
765,46502.5
766,46505.8
767,46509
768,46512.3
769,46515.5
770,46518.7
771,46521.9
772,46525.1
773,46528.3
774,46531.5
775,46534.6
776,46537.8
777,46540.9
778,46544
779,46547.1
780,46550.2
781,46553.3
782,46556.4
783,46559.5
784,46562.5
785,46565.5
786,46568.6
787,46571.6
788,46574.6
789,46577.6
790,46580.6
791,46583.5
792,46586.5
793,46589.5
794,46592.4
795,46595.3
796,46598.2
797,46601.2
798,46604.1
799,46606.9
800,46609.8
801,46612.7
802,46615.5
803,46618.4
804,46621.2
805,46624
806,46626.8
807,46629.7
808,46632.4
809,46635.2
810,46638
811,46640.8
812,46643.5
813,46646.3
814,46649
815,46651.7
816,46654.4
817,46657.1
818,46659.8
819,46662.5
820,46665.2
821,46667.9
822,46670.5
823,46673.2
824,46675.8
825,46678.4
826,46681
827,46683.6
828,46686.2
829,46688.8
830,46691.4
831,46694
832,46696.6
833,46699.1
834,46701.7
835,46704.2
836,46706.7
837,46709.2
838,46711.8
839,46714.3
840,46716.7
841,46719.2
842,46721.7
843,46724.2
844,46726.6
845,46729.1
846,46731.5
847,46734
848,46736.4
849,46738.8
850,46741.2
851,46743.6
852,46746
853,46748.4
854,46750.7
855,46753.1
856,46755.5
857,46757.8
858,46760.2
859,46762.5
860,46764.8
861,46767.1
862,46769.5
863,46771.8
864,46774
865,46776.3
866,46778.6
867,46780.9
868,46783.1
869,46785.4
870,46787.7
871,46789.9
872,46792.1
873,46794.4
874,46796.6
875,46798.8
876,46801
877,46803.2
878,46805.4
879,46807.6
880,46809.7
881,46811.9
882,46814.1
883,46816.2
884,46818.4
885,46820.5
886,46822.6
887,46824.7
888,46826.9
889,46829
890,46831.1
891,46833.2
892,46835.3
893,46837.3
894,46839.4
895,46841.5
896,46843.5
897,46845.6
898,46847.7
899,46849.7
900,46851.7
901,46853.8
902,46855.8
903,46857.8
904,46859.8
905,46861.8
906,46863.8
907,46865.8
908,46867.8
909,46869.7
910,46871.7
911,46873.7
912,46875.6
913,46877.6
914,46879.5
915,46881.5
916,46883.4
917,46885.3
918,46887.3
919,46889.2
920,46891.1
921,46893
922,46894.9
923,46896.8
924,46898.6
925,46900.5
926,46902.4
927,46904.3
928,46906.1
929,46908
930,46909.8
931,46911.7
932,46913.5
933,46915.3
934,46917.2
935,46919
936,46920.8
937,46922.6
938,46924.4
939,46926.2
940,46928
941,46929.8
942,46931.5
943,46933.3
944,46935.1
945,46936.8
946,46938.6
947,46940.4
948,46942.1
949,46943.8
950,46945.6
951,46947.3
952,46949
953,46950.8
954,46952.5
955,46954.2
956,46955.9
957,46957.6
958,46959.3
959,46961
960,46962.6
961,46964.3
962,46966
963,46967.7
964,46969.3
965,46971
966,46972.6
967,46974.3
968,46975.9
969,46977.6
970,46979.2
971,46980.8
972,46982.4
973,46984.1
974,46985.7
975,46987.3
976,46988.9
977,46990.5
978,46992.1
979,46993.7
980,46995.2
981,46996.8
982,46998.4
983,47000
984,47001.5
985,47003.1
986,47004.6
987,47006.2
988,47007.7
989,47009.3
990,47010.8
991,47012.3
992,47013.9
993,47015.4
994,47016.9
995,47018.4
996,47019.9
997,47021.4
998,47022.9
999,47024.4
1000,47025.9
1001,47027.4
1002,47028.9
1003,47030.4
1004,47031.8
1005,47033.3
1006,47034.8
1007,47036.2
1008,47037.7
1009,47039.2
1010,47040.6
1011,47042
1012,47043.5
1013,47044.9
1014,47046.4
1015,47047.8
1016,47049.2
1017,47050.6
1018,47052
1019,47053.5
1020,47054.9
1021,47056.3
1022,47057.7
1023,47059.1
1024,47060.4
1025,47061.8
1026,47063.2
1027,47064.6
1028,47066
1029,47067.3
1030,47068.7
1031,47070.1
1032,47071.4
1033,47072.8
1034,47074.1
1035,47075.5
1036,47076.8
1037,47078.2
1038,47079.5
1039,47080.8
1040,47082.2
1041,47083.5
1042,47084.8
1043,47086.1
1044,47087.4
1045,47088.7
1046,47090.1
1047,47091.4
1048,47092.7
1049,47093.9
1050,47095.2
1051,47096.5
1052,47097.8
1053,47099.1
1054,47100.4
1055,47101.6
1056,47102.9
1057,47104.2
1058,47105.4
1059,47106.7
1060,47108
1061,47109.2
1062,47110.5
1063,47111.7
1064,47112.9
1065,47114.2
1066,47115.4
1067,47116.6
1068,47117.9
1069,47119.1
1070,47120.3
1071,47121.5
1072,47122.8
1073,47124
1074,47125.2
1075,47126.4
1076,47127.6
1077,47128.8
1078,47130
1079,47131.2
1080,47132.3
1081,47133.5
1082,47134.7
1083,47135.9
1084,47137.1
1085,47138.2
1086,47139.4
1087,47140.6
1088,47141.7
1089,47142.9
1090,47144.1
1091,47145.2
1092,47146.4
1093,47147.5
1094,47148.6
1095,47149.8
1096,47150.9
1097,47152.1
1098,47153.2
1099,47154.3
1100,47155.4
1101,47156.6
1102,47157.7
1103,47158.8
1104,47159.9
1105,47161
1106,47162.1
1107,47163.2
1108,47164.3
1109,47165.4
1110,47166.5
1111,47167.6
1112,47168.7
1113,47169.8
1114,47170.9
1115,47172
1116,47173
1117,47174.1
1118,47175.2
1119,47176.3
1120,47177.3
1121,47178.4
1122,47179.4
1123,47180.5
1124,47181.6
1125,47182.6
1126,47183.7
1127,47184.7
1128,47185.8
1129,47186.8
1130,47187.8
1131,47188.9
1132,47189.9
1133,47190.9
1134,47192
1135,47193
1136,47194
1137,47195
1138,47196
1139,47197.1
1140,47198.1
1141,47199.1
1142,47200.1
1143,47201.1
1144,47202.1
1145,47203.1
1146,47204.1
1147,47205.1
1148,47206.1
1149,47207.1
1150,47208.1
1151,47209
1152,47210
1153,47211
1154,47212
1155,47212.9
1156,47213.9
1157,47214.9
1158,47215.9
1159,47216.8
1160,47217.8
1161,47218.7
1162,47219.7
1163,47220.6
1164,47221.6
1165,47222.5
1166,47223.5
1167,47224.4
1168,47225.4
1169,47226.3
1170,47227.3
1171,47228.2
1172,47229.1
1173,47230.1
1174,47231
1175,47231.9
1176,47232.8
1177,47233.8
1178,47234.7
1179,47235.6
1180,47236.5
1181,47237.4
1182,47238.3
1183,47239.2
1184,47240.1
1185,47241
1186,47241.9
1187,47242.8
1188,47243.7
1189,47244.6
1190,47245.5
1191,47246.4
1192,47247.3
1193,47248.2
1194,47249.1
1195,47249.9
1196,47250.8
1197,47251.7
1198,47252.6
1199,47253.4
1200,47254.3
