0,0
1,8.89523e-15
2,1.66026e-13
3,7.17376e-13
4,1.74041e-12
5,3.33906e-12
6,5.87055e-12
7,9.37406e-12
8,1.42226e-11
9,2.02619e-11
10,2.77297e-11
11,3.67759e-11
12,4.79687e-11
13,6.09708e-11
14,7.64409e-11
15,9.38628e-11
16,1.14299e-10
17,1.36772e-10
18,1.62628e-10
19,1.91266e-10
20,2.23022e-10
21,2.58065e-10
22,2.97048e-10
23,3.39266e-10
24,3.85832e-10
25,4.36261e-10
26,4.9034e-10
27,5.4967e-10
28,6.12331e-10
29,6.80674e-10
30,7.53598e-10
31,8.31784e-10
32,9.14569e-10
33,1.00382e-09
34,1.09757e-09
35,1.19772e-09
36,1.30284e-09
37,1.41412e-09
38,1.53215e-09
39,1.65645e-09
40,1.7877e-09
41,1.92518e-09
42,2.06971e-09
43,2.22056e-09
44,2.37957e-09
45,2.545e-09
46,2.71873e-09
47,2.89947e-09
48,3.08978e-09
49,3.28605e-09
50,3.49225e-09
51,3.70589e-09
52,3.92821e-09
53,4.15933e-09
54,4.39844e-09
55,4.64739e-09
56,4.90629e-09
57,5.17396e-09
58,5.45085e-09
59,5.73864e-09
60,6.03404e-09
61,6.34178e-09
62,6.6578e-09
63,6.98553e-09
64,7.32297e-09
65,7.67314e-09
66,8.03272e-09
67,8.40399e-09
68,8.78533e-09
69,9.17839e-09
70,9.58347e-09
71,9.9992e-09
72,1.04283e-08
73,1.09827e-08
74,1.18228e-08
75,1.27025e-08
76,1.36223e-08
77,1.45825e-08
78,1.55836e-08
79,1.66267e-08
80,1.77116e-08
81,1.88396e-08
82,2.00506e-08
83,2.18068e-08
84,2.36696e-08
85,2.56422e-08
86,2.77277e-08
87,2.99292e-08
88,3.22498e-08
89,3.46923e-08
90,3.72596e-08
91,3.99545e-08
92,4.27797e-08
93,4.57378e-08
94,4.88314e-08
95,5.2063e-08
96,5.54349e-08
97,5.89495e-08
98,6.26089e-08
99,6.64154e-08
100,7.03709e-08
101,7.44774e-08
102,7.87368e-08
103,8.31509e-08
104,8.77214e-08
105,9.24498e-08
106,9.73379e-08
107,1.02387e-07
108,1.07598e-07
109,1.12973e-07
110,1.18513e-07
111,1.24219e-07
112,1.30092e-07
113,1.36134e-07
114,1.42344e-07
115,1.48724e-07
116,1.55274e-07
117,1.61996e-07
118,1.68889e-07
119,1.75955e-07
120,1.83194e-07
121,1.90606e-07
122,1.98192e-07
123,2.05952e-07
124,2.13887e-07
125,2.21995e-07
126,2.30279e-07
127,2.38737e-07
128,2.47369e-07
129,2.56177e-07
130,2.65159e-07
131,2.74315e-07
132,2.83646e-07
133,2.93151e-07
134,3.0283e-07
135,3.12683e-07
136,3.22709e-07
137,3.32907e-07
138,3.43279e-07
139,3.53822e-07
140,3.64537e-07
141,3.75423e-07
142,3.8648e-07
143,3.97707e-07
144,4.09103e-07
145,4.20668e-07
146,4.32402e-07
147,4.44303e-07
148,4.5637e-07
149,4.68604e-07
150,4.81004e-07
151,4.93568e-07
152,5.06296e-07
153,5.19187e-07
154,5.3224e-07
155,5.45455e-07
156,5.5883e-07
157,5.72366e-07
158,5.8606e-07
159,5.99912e-07
160,6.13922e-07
161,6.28088e-07
162,6.42409e-07
163,6.56885e-07
164,6.71514e-07
165,6.86296e-07
166,7.01229e-07
167,7.16314e-07
168,7.31548e-07
169,7.46931e-07
170,7.62461e-07
171,7.78139e-07
172,7.93963e-07
173,8.09931e-07
174,8.26044e-07
175,8.42299e-07
176,8.58697e-07
177,8.75235e-07
178,8.91914e-07
179,9.08731e-07
180,9.25687e-07
181,9.42779e-07
182,9.60008e-07
183,9.77372e-07
184,9.9487e-07
185,1.0125e-06
186,1.03026e-06
187,1.04816e-06
188,1.06618e-06
189,1.08434e-06
190,1.10262e-06
191,1.12103e-06
192,1.13956e-06
193,1.15822e-06
194,1.17701e-06
195,1.19592e-06
196,1.21495e-06
197,1.2341e-06
198,1.25337e-06
199,1.27277e-06
200,1.29228e-06
201,1.31191e-06
202,1.33165e-06
203,1.35152e-06
204,1.37149e-06
205,1.39158e-06
206,1.41179e-06
207,1.4321e-06
208,1.45253e-06
209,1.47307e-06
210,1.49372e-06
211,1.51447e-06
212,1.53534e-06
213,1.55631e-06
214,1.57739e-06
215,1.59857e-06
216,1.61985e-06
217,1.64125e-06
218,1.66274e-06
219,1.68433e-06
220,1.70603e-06
221,1.72782e-06
222,1.74972e-06
223,1.77171e-06
224,1.79381e-06
225,1.81599e-06
226,1.83828e-06
227,1.86066e-06
228,1.88313e-06
229,1.9057e-06
230,1.92836e-06
231,1.95112e-06
232,1.97396e-06
233,1.9969e-06
234,2.01993e-06
235,2.04304e-06
236,2.06625e-06
237,2.08954e-06
238,2.11292e-06
239,2.13638e-06
240,2.15993e-06
241,2.18357e-06
242,2.20729e-06
243,2.23109e-06
244,2.25498e-06
245,2.27895e-06
246,2.303e-06
247,2.32713e-06
248,2.35134e-06
249,2.37564e-06
250,2.40001e-06
251,2.42446e-06
252,2.44898e-06
253,2.47359e-06
254,2.49827e-06
255,2.52302e-06
256,2.54785e-06
257,2.57276e-06
258,2.59774e-06
259,2.62279e-06
260,2.64791e-06
261,2.67311e-06
262,2.69838e-06
263,2.72372e-06
264,2.74913e-06
265,2.77461e-06
266,2.80016e-06
267,2.82578e-06
268,2.85147e-06
269,2.87722e-06
270,2.90304e-06
271,2.92893e-06
272,2.95488e-06
273,2.9809e-06
274,3.00699e-06
275,3.03313e-06
276,3.05935e-06
277,3.08562e-06
278,3.11196e-06
279,3.13836e-06
280,3.16483e-06
281,3.19135e-06
282,3.21794e-06
283,3.24458e-06
284,3.27129e-06
285,3.29805e-06
286,3.32488e-06
287,3.35176e-06
288,3.3787e-06
289,3.4057e-06
290,3.43276e-06
291,3.45987e-06
292,3.48704e-06
293,3.51426e-06
294,3.54154e-06
295,3.56888e-06
296,3.59627e-06
297,3.62371e-06
298,3.65121e-06
299,3.67876e-06
300,3.70637e-06
301,3.73402e-06
302,3.76173e-06
303,3.78949e-06
304,3.8173e-06
305,3.84517e-06
306,3.87308e-06
307,3.90104e-06
308,3.92906e-06
309,3.95712e-06
310,3.98523e-06
311,4.01339e-06
312,4.0416e-06
313,4.06985e-06
314,4.09816e-06
315,4.12651e-06
316,4.15491e-06
317,4.18335e-06
318,4.21184e-06
319,4.24037e-06
320,4.26896e-06
321,4.29758e-06
322,4.32625e-06
323,4.35497e-06
324,4.38373e-06
325,4.41253e-06
326,4.44138e-06
327,4.47027e-06
328,4.4992e-06
329,4.52818e-06
330,4.55719e-06
331,4.58625e-06
332,4.61535e-06
333,4.64449e-06
334,4.67368e-06
335,4.7029e-06
336,4.73216e-06
337,4.76147e-06
338,4.79081e-06
339,4.82019e-06
340,4.84962e-06
341,4.87908e-06
342,4.90858e-06
343,4.93812e-06
344,4.96769e-06
345,4.99731e-06
346,5.02696e-06
347,5.05665e-06
348,5.08637e-06
349,5.11613e-06
350,5.14593e-06
351,5.17577e-06
352,5.20564e-06
353,5.23554e-06
354,5.26549e-06
355,5.29546e-06
356,5.32548e-06
357,5.35552e-06
358,5.3856e-06
359,5.41572e-06
360,5.44587e-06
361,5.47605e-06
362,5.50627e-06
363,5.53652e-06
364,5.5668e-06
365,5.59712e-06
366,5.62747e-06
367,5.65785e-06
368,5.68826e-06
369,5.7187e-06
370,5.74918e-06
371,5.77969e-06
372,5.81023e-06
373,5.8408e-06
374,5.8714e-06
375,5.90203e-06
376,5.93269e-06
377,5.96339e-06
378,5.99411e-06
379,6.02486e-06
380,6.05564e-06
381,6.08645e-06
382,6.11729e-06
383,6.14816e-06
384,6.17906e-06
385,6.20999e-06
386,6.24094e-06
387,6.27193e-06
388,6.30294e-06
389,6.33398e-06
390,6.36504e-06
391,6.39614e-06
392,6.42726e-06
393,6.45841e-06
394,6.48958e-06
395,6.52079e-06
396,6.55202e-06
397,6.58327e-06
398,6.61455e-06
399,6.64586e-06
400,6.6772e-06
401,6.70856e-06
402,6.73994e-06
403,6.77135e-06
404,6.80279e-06
405,6.83425e-06
406,6.86573e-06
407,6.89724e-06
408,6.92878e-06
409,6.96034e-06
410,6.99192e-06
411,7.02353e-06
412,7.05516e-06
413,7.08682e-06
414,7.1185e-06
415,7.1502e-06
416,7.18193e-06
417,7.21368e-06
418,7.24545e-06
419,7.27725e-06
420,7.30906e-06
421,7.34091e-06
422,7.37277e-06
423,7.40466e-06
424,7.43656e-06
425,7.46849e-06
426,7.50045e-06
427,7.53242e-06
428,7.56442e-06
429,7.59643e-06
430,7.62847e-06
431,7.66053e-06
432,7.69261e-06
433,7.72472e-06
434,7.75684e-06
435,7.78898e-06
436,7.82115e-06
437,7.85333e-06
438,7.88554e-06
439,7.91776e-06
440,7.95001e-06
441,7.98227e-06
442,8.01456e-06
443,8.04687e-06
444,8.07919e-06
445,8.11153e-06
446,8.1439e-06
447,8.17628e-06
448,8.20868e-06
449,8.24111e-06
450,8.27355e-06
451,8.30601e-06
452,8.33848e-06
453,8.37098e-06
454,8.4035e-06
455,8.43603e-06
456,8.46858e-06
457,8.50115e-06
458,8.53374e-06
459,8.56635e-06
460,8.59897e-06
461,8.63161e-06
462,8.66427e-06
463,8.69695e-06
464,8.72964e-06
465,8.76235e-06
466,8.79508e-06
467,8.82783e-06
468,8.86059e-06
469,8.89337e-06
470,8.92617e-06
471,8.95898e-06
472,8.99181e-06
473,9.02466e-06
474,9.05752e-06
475,9.0904e-06
476,9.1233e-06
477,9.15621e-06
478,9.18914e-06
479,9.22209e-06
480,9.25505e-06
481,9.28802e-06
482,9.32101e-06
483,9.35402e-06
484,9.38704e-06
485,9.42008e-06
486,9.45314e-06
487,9.48621e-06
488,9.51929e-06
489,9.55239e-06
490,9.5855e-06
491,9.61863e-06
492,9.65178e-06
493,9.68494e-06
494,9.71811e-06
495,9.7513e-06
496,9.7845e-06
497,9.81772e-06
498,9.85095e-06
499,9.8842e-06
500,9.91746e-06
501,9.95073e-06
502,9.98402e-06
503,1.00173e-05
504,1.00506e-05
505,1.0084e-05
506,1.01173e-05
507,1.01507e-05
508,1.0184e-05
509,1.02174e-05
510,1.02508e-05
511,1.02842e-05
512,1.03177e-05
513,1.03511e-05
514,1.03846e-05
515,1.0418e-05
516,1.04515e-05
517,1.0485e-05
518,1.05185e-05
519,1.0552e-05
520,1.05855e-05
521,1.06191e-05
522,1.06526e-05
523,1.06862e-05
524,1.07198e-05
525,1.07534e-05
526,1.0787e-05
527,1.08206e-05
528,1.08542e-05
529,1.08879e-05
530,1.09215e-05
531,1.09552e-05
532,1.09889e-05
533,1.10226e-05
534,1.10563e-05
535,1.109e-05
536,1.11237e-05
537,1.11574e-05
538,1.11912e-05
539,1.12249e-05
540,1.12587e-05
541,1.12925e-05
542,1.13263e-05
543,1.13601e-05
544,1.13939e-05
545,1.14277e-05
546,1.14616e-05
547,1.14954e-05
548,1.15293e-05
549,1.15632e-05
550,1.1597e-05
551,1.16309e-05
552,1.16648e-05
553,1.16988e-05
554,1.17327e-05
555,1.17666e-05
556,1.18006e-05
557,1.18345e-05
558,1.18685e-05
559,1.19025e-05
560,1.19365e-05
561,1.19705e-05
562,1.20045e-05
563,1.20385e-05
564,1.20725e-05
565,1.21066e-05
566,1.21406e-05
567,1.21747e-05
568,1.22087e-05
569,1.22428e-05
570,1.22769e-05
571,1.2311e-05
572,1.23451e-05
573,1.23792e-05
574,1.24134e-05
575,1.24475e-05
576,1.24817e-05
577,1.25158e-05
578,1.255e-05
579,1.25842e-05
580,1.26183e-05
581,1.26525e-05
582,1.26867e-05
583,1.2721e-05
584,1.27552e-05
585,1.27894e-05
586,1.28237e-05
587,1.28579e-05
588,1.28922e-05
589,1.29264e-05
590,1.29607e-05
591,1.2995e-05
592,1.30293e-05
593,1.30636e-05
594,1.30979e-05
595,1.31322e-05
596,1.31666e-05
597,1.32009e-05
598,1.32353e-05
599,1.32696e-05
600,1.3304e-05
601,1.33384e-05
602,1.33727e-05
603,1.34071e-05
604,1.34415e-05
605,1.34759e-05
606,1.35104e-05
607,1.35448e-05
608,1.35792e-05
609,1.36137e-05
610,1.36481e-05
611,1.36826e-05
612,1.3717e-05
613,1.37515e-05
614,1.3786e-05
615,1.38205e-05
616,1.3855e-05
617,1.38895e-05
618,1.3924e-05
619,1.39585e-05
620,1.3993e-05
621,1.40276e-05
622,1.40621e-05
623,1.40967e-05
624,1.41312e-05
625,1.41658e-05
626,1.42004e-05
627,1.4235e-05
628,1.42695e-05
629,1.43041e-05
630,1.43387e-05
631,1.43734e-05
632,1.4408e-05
633,1.44426e-05
634,1.44772e-05
635,1.45119e-05
636,1.45465e-05
637,1.45812e-05
638,1.46158e-05
639,1.46505e-05
640,1.46852e-05
641,1.47199e-05
642,1.47546e-05
643,1.47893e-05
644,1.4824e-05
645,1.48587e-05
646,1.48934e-05
647,1.49281e-05
648,1.49629e-05
649,1.49976e-05
650,1.50324e-05
651,1.50671e-05
652,1.51019e-05
653,1.51366e-05
654,1.51714e-05
655,1.52062e-05
656,1.5241e-05
657,1.52758e-05
658,1.53106e-05
659,1.53454e-05
660,1.53802e-05
661,1.5415e-05
662,1.54498e-05
663,1.54847e-05
664,1.55195e-05
665,1.55544e-05
666,1.55892e-05
667,1.56241e-05
668,1.56589e-05
669,1.56938e-05
670,1.57287e-05
671,1.57636e-05
672,1.57985e-05
673,1.58333e-05
674,1.58682e-05
675,1.59032e-05
676,1.59381e-05
677,1.5973e-05
678,1.60079e-05
679,1.60429e-05
680,1.60778e-05
681,1.61127e-05
682,1.61477e-05
683,1.61826e-05
684,1.62176e-05
685,1.62526e-05
686,1.62875e-05
687,1.63225e-05
688,1.63575e-05
689,1.63925e-05
690,1.64275e-05
691,1.64625e-05
692,1.64975e-05
693,1.65325e-05
694,1.65675e-05
695,1.66026e-05
696,1.66376e-05
697,1.66726e-05
698,1.67077e-05
699,1.67427e-05
700,1.67778e-05
701,1.68128e-05
702,1.68479e-05
703,1.6883e-05
704,1.6918e-05
705,1.69531e-05
706,1.69882e-05
707,1.70233e-05
708,1.70584e-05
709,1.70935e-05
710,1.71286e-05
711,1.71637e-05
712,1.71988e-05
713,1.7234e-05
714,1.72691e-05
715,1.73042e-05
716,1.73394e-05
717,1.73745e-05
718,1.74096e-05
719,1.74448e-05
720,1.748e-05
721,1.75151e-05
722,1.75503e-05
723,1.75855e-05
724,1.76206e-05
725,1.76558e-05
726,1.7691e-05
727,1.77262e-05
728,1.77614e-05
729,1.77966e-05
730,1.78318e-05
731,1.7867e-05
732,1.79023e-05
733,1.79375e-05
734,1.79727e-05
735,1.80079e-05
736,1.80432e-05
737,1.80784e-05
738,1.81137e-05
739,1.81489e-05
740,1.81842e-05
741,1.82194e-05
742,1.82547e-05
743,1.829e-05
744,1.83252e-05
745,1.83605e-05
746,1.83958e-05
747,1.84311e-05
748,1.84664e-05
749,1.85017e-05
750,1.8537e-05
751,1.85723e-05
752,1.86076e-05
753,1.86429e-05
754,1.86782e-05
755,1.87136e-05
756,1.87489e-05
757,1.87842e-05
758,1.88196e-05
759,1.88549e-05
760,1.88903e-05
761,1.89256e-05
762,1.8961e-05
763,1.89963e-05
764,1.90317e-05
765,1.9067e-05
766,1.91024e-05
767,1.91378e-05
768,1.91732e-05
769,1.92086e-05
770,1.9244e-05
771,1.92793e-05
772,1.93147e-05
773,1.93501e-05
774,1.93856e-05
775,1.9421e-05
776,1.94564e-05
777,1.94918e-05
778,1.95272e-05
779,1.95626e-05
780,1.95981e-05
781,1.96335e-05
782,1.96689e-05
783,1.97044e-05
784,1.97398e-05
785,1.97753e-05
786,1.98107e-05
787,1.98462e-05
788,1.98817e-05
789,1.99171e-05
790,1.99526e-05
791,1.99881e-05
792,2.00235e-05
793,2.0059e-05
794,2.00945e-05
795,2.013e-05
796,2.01655e-05
797,2.0201e-05
798,2.02365e-05
799,2.0272e-05
800,2.03075e-05
801,2.0343e-05
802,2.03785e-05
803,2.0414e-05
804,2.04496e-05
805,2.04851e-05
806,2.05206e-05
807,2.05562e-05
808,2.05917e-05
809,2.06272e-05
810,2.06628e-05
811,2.06983e-05
812,2.07339e-05
813,2.07694e-05
814,2.0805e-05
815,2.08406e-05
816,2.08761e-05
817,2.09117e-05
818,2.09473e-05
819,2.09828e-05
820,2.10184e-05
821,2.1054e-05
822,2.10896e-05
823,2.11252e-05
824,2.11608e-05
825,2.11964e-05
826,2.1232e-05
827,2.12676e-05
828,2.13032e-05
829,2.13388e-05
830,2.13744e-05
831,2.141e-05
832,2.14456e-05
833,2.14813e-05
834,2.15169e-05
835,2.15525e-05
836,2.15882e-05
837,2.16238e-05
838,2.16594e-05
839,2.16951e-05
840,2.17307e-05
841,2.17664e-05
842,2.1802e-05
843,2.18377e-05
844,2.18734e-05
845,2.1909e-05
846,2.19447e-05
847,2.19804e-05
848,2.2016e-05
849,2.20517e-05
850,2.20874e-05
851,2.21231e-05
852,2.21588e-05
853,2.21944e-05
854,2.22301e-05
855,2.22658e-05
856,2.23015e-05
857,2.23372e-05
858,2.23729e-05
859,2.24086e-05
860,2.24443e-05
861,2.24801e-05
862,2.25158e-05
863,2.25515e-05
864,2.25872e-05
865,2.26229e-05
866,2.26587e-05
867,2.26944e-05
868,2.27301e-05
869,2.27659e-05
870,2.28016e-05
871,2.28374e-05
872,2.28731e-05
873,2.29088e-05
874,2.29446e-05
875,2.29804e-05
876,2.30161e-05
877,2.30519e-05
878,2.30876e-05
879,2.31234e-05
880,2.31592e-05
881,2.31949e-05
882,2.32307e-05
883,2.32665e-05
884,2.33023e-05
885,2.33381e-05
886,2.33738e-05
887,2.34096e-05
888,2.34454e-05
889,2.34812e-05
890,2.3517e-05
891,2.35528e-05
892,2.35886e-05
893,2.36244e-05
894,2.36602e-05
895,2.3696e-05
896,2.37318e-05
897,2.37677e-05
898,2.38035e-05
899,2.38393e-05
900,2.38751e-05
901,2.3911e-05
902,2.39468e-05
903,2.39826e-05
904,2.40184e-05
905,2.40543e-05
906,2.40901e-05
907,2.4126e-05
908,2.41618e-05
909,2.41977e-05
910,2.42335e-05
911,2.42694e-05
912,2.43052e-05
913,2.43411e-05
914,2.43769e-05
915,2.44128e-05
916,2.44487e-05
917,2.44845e-05
918,2.45204e-05
919,2.45563e-05
920,2.45921e-05
921,2.4628e-05
922,2.46639e-05
923,2.46998e-05
924,2.47357e-05
925,2.47716e-05
926,2.48074e-05
927,2.48433e-05
928,2.48792e-05
929,2.49151e-05
930,2.4951e-05
931,2.49869e-05
932,2.50228e-05
933,2.50587e-05
934,2.50946e-05
935,2.51306e-05
936,2.51665e-05
937,2.52024e-05
938,2.52383e-05
939,2.52742e-05
940,2.53102e-05
941,2.53461e-05
942,2.5382e-05
943,2.54179e-05
944,2.54539e-05
945,2.54898e-05
946,2.55257e-05
947,2.55617e-05
948,2.55976e-05
949,2.56336e-05
950,2.56695e-05
951,2.57055e-05
952,2.57414e-05
953,2.57774e-05
954,2.58133e-05
955,2.58493e-05
956,2.58852e-05
957,2.59212e-05
958,2.59572e-05
959,2.59931e-05
960,2.60291e-05
961,2.60651e-05
962,2.6101e-05
963,2.6137e-05
964,2.6173e-05
965,2.6209e-05
966,2.6245e-05
967,2.62809e-05
968,2.63169e-05
969,2.63529e-05
970,2.63889e-05
971,2.64249e-05
972,2.64609e-05
973,2.64969e-05
974,2.65329e-05
975,2.65689e-05
976,2.66049e-05
977,2.66409e-05
978,2.66769e-05
979,2.67129e-05
980,2.67489e-05
981,2.67849e-05
982,2.6821e-05
983,2.6857e-05
984,2.6893e-05
985,2.6929e-05
986,2.6965e-05
987,2.70011e-05
988,2.70371e-05
989,2.70731e-05
990,2.71092e-05
991,2.71452e-05
992,2.71812e-05
993,2.72173e-05
994,2.72533e-05
995,2.72893e-05
996,2.73254e-05
997,2.73614e-05
998,2.73975e-05
999,2.74335e-05
1000,2.74696e-05
1001,2.75056e-05
1002,2.75417e-05
1003,2.75777e-05
1004,2.76138e-05
1005,2.76499e-05
1006,2.76859e-05
1007,2.7722e-05
1008,2.77581e-05
1009,2.77941e-05
1010,2.78302e-05
1011,2.78663e-05
1012,2.79023e-05
1013,2.79384e-05
1014,2.79745e-05
1015,2.80106e-05
1016,2.80467e-05
1017,2.80827e-05
1018,2.81188e-05
1019,2.81549e-05
1020,2.8191e-05
1021,2.82271e-05
1022,2.82632e-05
1023,2.82993e-05
1024,2.83354e-05
1025,2.83715e-05
1026,2.84076e-05
1027,2.84437e-05
1028,2.84798e-05
1029,2.85159e-05
1030,2.8552e-05
1031,2.85881e-05
1032,2.86242e-05
1033,2.86603e-05
1034,2.86965e-05
1035,2.87326e-05
1036,2.87687e-05
1037,2.88048e-05
1038,2.88409e-05
1039,2.88771e-05
1040,2.89132e-05
1041,2.89493e-05
1042,2.89854e-05
1043,2.90216e-05
1044,2.90577e-05
1045,2.90938e-05
1046,2.913e-05
1047,2.91661e-05
1048,2.92022e-05
1049,2.92384e-05
1050,2.92745e-05
1051,2.93107e-05
1052,2.93468e-05
1053,2.9383e-05
1054,2.94191e-05
1055,2.94553e-05
1056,2.94914e-05
1057,2.95276e-05
1058,2.95637e-05
1059,2.95999e-05
1060,2.9636e-05
1061,2.96722e-05
1062,2.97084e-05
1063,2.97445e-05
1064,2.97807e-05
1065,2.98169e-05
1066,2.9853e-05
1067,2.98892e-05
1068,2.99254e-05
1069,2.99615e-05
1070,2.99977e-05
1071,3.00339e-05
1072,3.00701e-05
1073,3.01063e-05
1074,3.01424e-05
1075,3.01786e-05
1076,3.02148e-05
1077,3.0251e-05
1078,3.02872e-05
1079,3.03234e-05
1080,3.03596e-05
1081,3.03957e-05
1082,3.04319e-05
1083,3.04681e-05
1084,3.05043e-05
1085,3.05405e-05
1086,3.05767e-05
1087,3.06129e-05
1088,3.06491e-05
1089,3.06853e-05
1090,3.07215e-05
1091,3.07578e-05
1092,3.0794e-05
1093,3.08302e-05
1094,3.08664e-05
1095,3.09026e-05
1096,3.09388e-05
1097,3.0975e-05
1098,3.10113e-05
1099,3.10475e-05
1100,3.10837e-05
1101,3.11199e-05
1102,3.11561e-05
1103,3.11924e-05
1104,3.12286e-05
1105,3.12648e-05
1106,3.13011e-05
1107,3.13373e-05
1108,3.13735e-05
1109,3.14098e-05
1110,3.1446e-05
1111,3.14822e-05
1112,3.15185e-05
1113,3.15547e-05
1114,3.15909e-05
1115,3.16272e-05
1116,3.16634e-05
1117,3.16997e-05
1118,3.17359e-05
1119,3.17722e-05
1120,3.18084e-05
1121,3.18447e-05
1122,3.18809e-05
1123,3.19172e-05
1124,3.19534e-05
1125,3.19897e-05
1126,3.2026e-05
1127,3.20622e-05
1128,3.20985e-05
1129,3.21347e-05
1130,3.2171e-05
1131,3.22073e-05
1132,3.22435e-05
1133,3.22798e-05
1134,3.23161e-05
1135,3.23523e-05
1136,3.23886e-05
1137,3.24249e-05
1138,3.24612e-05
1139,3.24974e-05
1140,3.25337e-05
1141,3.257e-05
1142,3.26063e-05
1143,3.26426e-05
1144,3.26788e-05
1145,3.27151e-05
1146,3.27514e-05
1147,3.27877e-05
1148,3.2824e-05
1149,3.28603e-05
1150,3.28966e-05
1151,3.29328e-05
1152,3.29691e-05
1153,3.30054e-05
1154,3.30417e-05
1155,3.3078e-05
1156,3.31143e-05
1157,3.31506e-05
1158,3.31869e-05
1159,3.32232e-05
1160,3.32595e-05
1161,3.32958e-05
1162,3.33321e-05
1163,3.33684e-05
1164,3.34048e-05
1165,3.34411e-05
1166,3.34774e-05
1167,3.35137e-05
1168,3.355e-05
1169,3.35863e-05
1170,3.36226e-05
1171,3.36589e-05
1172,3.36953e-05
1173,3.37316e-05
1174,3.37679e-05
1175,3.38042e-05
1176,3.38405e-05
1177,3.38769e-05
1178,3.39132e-05
1179,3.39495e-05
1180,3.39858e-05
1181,3.40222e-05
1182,3.40585e-05
1183,3.40948e-05
1184,3.41312e-05
1185,3.41675e-05
1186,3.42038e-05
1187,3.42402e-05
1188,3.42765e-05
1189,3.43128e-05
1190,3.43492e-05
1191,3.43855e-05
1192,3.44219e-05
1193,3.44582e-05
1194,3.44946e-05
1195,3.45309e-05
1196,3.45672e-05
1197,3.46036e-05
1198,3.46399e-05
1199,3.46763e-05
1200,3.47126e-05
