0,0
1,0.0559089
2,0.451411
3,1.47584
4,3.60099
5,7.1575
6,12.481
7,19.9232
8,29.8403
9,42.5883
10,58.5223
11,77.9967
12,101.365
13,128.977
14,161.175
15,198.286
16,240.613
17,288.421
18,341.926
19,401.288
20,466.601
21,537.892
22,615.121
23,698.183
24,786.917
25,881.115
26,980.527
27,1084.88
28,1193.87
29,1307.2
30,1424.57
31,1545.67
32,1670.23
33,1797.98
34,1928.69
35,2062.13
36,2198.12
37,2336.5
38,2477.14
39,2619.93
40,2764.81
41,2911.7
42,3060.58
43,3211.44
44,3364.29
45,3519.13
46,3676
47,3834.95
48,3996.01
49,4159.25
50,4324.72
51,4492.47
52,4662.56
53,4835.05
54,5009.98
55,5187.4
56,5367.35
57,5549.86
58,5734.97
59,5922.69
60,6113.03
61,6306
62,6501.59
63,6699.79
64,6900.59
65,7103.95
66,7309.84
67,7518.21
68,7729.03
69,7942.23
70,8157.75
71,8375.53
72,8595.5
73,8817.57
74,9041.68
75,9267.73
76,9495.64
77,9725.32
78,9956.68
79,10189.6
80,10424
81,10659.9
82,10897
83,11135.3
84,11374.7
85,11615
86,11856.3
87,12098.4
88,12341.2
89,12584.6
90,12828.5
91,13072.8
92,13317.4
93,13562.3
94,13807.4
95,14052.4
96,14297.5
97,14542.5
98,14787.3
99,15031.8
100,15276
101,15519.7
102,15763
103,16005.8
104,16247.9
105,16489.4
106,16730.1
107,16970
108,17209.1
109,17447.3
110,17684.5
111,17920.7
112,18155.8
113,18389.9
114,18622.8
115,18854.6
116,19085.1
117,19314.4
118,19542.4
119,19769
120,19994.3
121,20218.3
122,20440.8
123,20661.9
124,20881.6
125,21099.8
126,21316.5
127,21531.7
128,21745.4
129,21957.5
130,22168.1
131,22377.1
132,22584.5
133,22790.3
134,22994.5
135,23197.2
136,23398.2
137,23597.6
138,23795.4
139,23991.5
140,24186
141,24378.9
142,24570.2
143,24759.8
144,24947.8
145,25134.1
146,25318.9
147,25502
148,25683.5
149,25863.4
150,26041.6
151,26218.3
152,26393.3
153,26566.8
154,26738.6
155,26908.9
156,27077.6
157,27244.8
158,27410.4
159,27574.4
160,27736.9
161,27897.8
162,28057.3
163,28215.2
164,28371.6
165,28526.5
166,28680
167,28831.9
168,28982.4
169,29131.5
170,29279.1
171,29425.3
172,29570
173,29713.4
174,29855.4
175,29995.9
176,30135.1
177,30273
178,30409.5
179,30544.6
180,30678.5
181,30811
182,30942.2
183,31072.2
184,31200.8
185,31328.2
186,31454.3
187,31579.2
188,31702.9
189,31825.3
190,31946.6
191,32066.6
192,32185.5
193,32303.2
194,32419.7
195,32535.1
196,32649.4
197,32762.5
198,32874.5
199,32985.4
200,33095.2
201,33204
202,33311.6
203,33418.3
204,33523.8
205,33628.4
206,33731.9
207,33834.4
208,33935.9
209,34036.4
210,34135.9
211,34234.5
212,34332.1
213,34428.7
214,34524.4
215,34619.2
216,34713.1
217,34806
218,34898.1
219,34989.2
220,35079.5
221,35168.9
222,35257.5
223,35345.2
224,35432
225,35518
226,35603.2
227,35687.6
228,35771.2
229,35854
230,35936
231,36017.2
232,36097.6
233,36177.3
234,36256.2
235,36334.4
236,36411.9
237,36488.6
238,36564.6
239,36639.8
240,36714.4
241,36788.3
242,36861.5
243,36934
244,37005.8
245,37077
246,37147.5
247,37217.3
248,37286.5
249,37355.1
250,37423
251,37490.3
252,37557
253,37623.1
254,37688.6
255,37753.5
256,37817.8
257,37881.5
258,37944.6
259,38007.2
260,38069.1
261,38130.6
262,38191.5
263,38251.8
264,38311.6
265,38370.8
266,38429.6
267,38487.8
268,38545.4
269,38602.6
270,38659.3
271,38715.4
272,38771.1
273,38826.3
274,38881
275,38935.2
276,38988.9
277,39042.2
278,39095
279,39147.3
280,39199.2
281,39250.7
282,39301.6
283,39352.2
284,39402.3
285,39452
286,39501.3
287,39550.1
288,39598.5
289,39646.5
290,39694.1
291,39741.3
292,39788.1
293,39834.5
294,39880.5
295,39926.1
296,39971.4
297,40016.2
298,40060.7
299,40104.8
300,40148.6
301,40192
302,40235
303,40277.6
304,40319.9
305,40361.9
306,40403.5
307,40444.8
308,40485.7
309,40526.3
310,40566.6
311,40606.5
312,40646.2
313,40685.5
314,40724.4
315,40763.1
316,40801.5
317,40839.5
318,40877.2
319,40914.7
320,40951.8
321,40988.6
322,41025.2
323,41061.5
324,41097.4
325,41133.1
326,41168.5
327,41203.6
328,41238.5
329,41273.1
330,41307.4
331,41341.4
332,41375.2
333,41408.7
334,41441.9
335,41474.9
336,41507.7
337,41540.2
338,41572.4
339,41604.4
340,41636.1
341,41667.6
342,41698.9
343,41729.9
344,41760.7
345,41791.2
346,41821.6
347,41851.7
348,41881.5
349,41911.2
350,41940.6
351,41969.8
352,41998.8
353,42027.5
354,42056.1
355,42084.4
356,42112.6
357,42140.5
358,42168.2
359,42195.7
360,42223
361,42250.1
362,42277
363,42303.7
364,42330.3
365,42356.6
366,42382.7
367,42408.7
368,42434.4
369,42460
370,42485.4
371,42510.6
372,42535.6
373,42560.5
374,42585.1
375,42609.6
376,42634
377,42658.1
378,42682.1
379,42705.9
380,42729.5
381,42753
382,42776.3
383,42799.4
384,42822.4
385,42845.2
386,42867.9
387,42890.4
388,42912.8
389,42935
390,42957
391,42978.9
392,43000.6
393,43022.2
394,43043.7
395,43065
396,43086.1
397,43107.1
398,43128
399,43148.7
400,43169.3
401,43189.7
402,43210
403,43230.2
404,43250.2
405,43270.1
406,43289.9
407,43309.5
408,43329
409,43348.4
410,43367.6
411,43386.7
412,43405.7
413,43424.6
414,43443.3
415,43461.9
416,43480.4
417,43498.8
418,43517
419,43535.2
420,43553.2
421,43571.1
422,43588.9
423,43606.5
424,43624.1
425,43641.5
426,43658.9
427,43676.1
428,43693.2
429,43710.2
430,43727.1
431,43743.8
432,43760.5
433,43777.1
434,43793.5
435,43809.9
436,43826.1
437,43842.3
438,43858.3
439,43874.3
440,43890.1
441,43905.9
442,43921.5
443,43937.1
444,43952.6
445,43967.9
446,43983.2
447,43998.4
448,44013.4
449,44028.4
450,44043.3
451,44058.1
452,44072.8
453,44087.4
454,44102
455,44116.4
456,44130.8
457,44145
458,44159.2
459,44173.3
460,44187.3
461,44201.2
462,44215.1
463,44228.9
464,44242.5
465,44256.1
466,44269.6
467,44283.1
468,44296.4
469,44309.7
470,44322.9
471,44336
472,44349
473,44362
474,44374.9
475,44387.7
476,44400.4
477,44413.1
478,44425.7
479,44438.2
480,44450.6
481,44463
482,44475.3
483,44487.5
484,44499.7
485,44511.8
486,44523.8
487,44535.7
488,44547.6
489,44559.4
490,44571.2
491,44582.8
492,44594.4
493,44606
494,44617.5
495,44628.9
496,44640.2
497,44651.5
498,44662.7
499,44673.9
500,44685
501,44696
502,44707
503,44717.9
504,44728.7
505,44739.5
506,44750.2
507,44760.9
508,44771.5
509,44782
510,44792.5
511,44803
512,44813.3
513,44823.7
514,44833.9
515,44844.1
516,44854.3
517,44864.4
518,44874.4
519,44884.4
520,44894.3
521,44904.2
522,44914
523,44923.8
524,44933.5
525,44943.2
526,44952.8
527,44962.3
528,44971.9
529,44981.3
530,44990.7
531,45000.1
532,45009.4
533,45018.6
534,45027.9
535,45037
536,45046.1
537,45055.2
538,45064.2
539,45073.2
540,45082.1
541,45091
542,45099.8
543,45108.6
544,45117.3
545,45126
546,45134.7
547,45143.3
548,45151.8
549,45160.3
550,45168.8
551,45177.2
552,45185.6
553,45193.9
554,45202.2
555,45210.5
556,45218.7
557,45226.9
558,45235
559,45243.1
560,45251.1
561,45259.1
562,45267.1
563,45275
564,45282.9
565,45290.7
566,45298.5
567,45306.3
568,45314
569,45321.7
570,45329.4
571,45337
572,45344.5
573,45352.1
574,45359.6
575,45367
576,45374.5
577,45381.8
578,45389.2
579,45396.5
580,45403.8
581,45411
582,45418.2
583,45425.4
584,45432.5
585,45439.6
586,45446.7
587,45453.7
588,45460.7
589,45467.7
590,45474.6
591,45481.5
592,45488.4
593,45495.2
594,45502
595,45508.8
596,45515.5
597,45522.2
598,45528.9
599,45535.5
600,45542.1
601,45548.7
602,45555.2
603,45561.7
604,45568.2
605,45574.6
606,45581.1
607,45587.4
608,45593.8
609,45600.1
610,45606.4
611,45612.7
612,45618.9
613,45625.1
614,45631.3
615,45637.5
616,45643.6
617,45649.7
618,45655.7
619,45661.8
620,45667.8
621,45673.8
622,45679.7
623,45685.6
624,45691.5
625,45697.4
626,45703.3
627,45709.1
628,45714.9
629,45720.6
630,45726.4
631,45732.1
632,45737.8
633,45743.4
634,45749.1
635,45754.7
636,45760.2
637,45765.8
638,45771.3
639,45776.8
640,45782.3
641,45787.8
642,45793.2
643,45798.6
644,45804
645,45809.4
646,45814.7
647,45820
648,45825.3
649,45830.6
650,45835.8
651,45841
652,45846.2
653,45851.4
654,45856.6
655,45861.7
656,45866.8
657,45871.9
658,45876.9
659,45882
660,45887
661,45892
662,45897
663,45901.9
664,45906.8
665,45911.7
666,45916.6
667,45921.5
668,45926.3
669,45931.2
670,45936
671,45940.7
672,45945.5
673,45950.2
674,45955
675,45959.7
676,45964.3
677,45969
678,45973.6
679,45978.3
680,45982.9
681,45987.4
682,45992
683,45996.5
684,46001.1
685,46005.6
686,46010.1
687,46014.5
688,46019
689,46023.4
690,46027.8
691,46032.2
692,46036.6
693,46040.9
694,46045.3
695,46049.6
696,46053.9
697,46058.2
698,46062.4
699,46066.7
700,46070.9
701,46075.1
702,46079.3
703,46083.5
704,46087.6
705,46091.8
706,46095.9
707,46100
708,46104.1
709,46108.2
710,46112.3
711,46116.3
712,46120.3
713,46124.3
714,46128.3
715,46132.3
716,46136.3
717,46140.2
718,46144.1
719,46148
720,46151.9
721,46155.8
722,46159.7
723,46163.5
724,46167.4
725,46171.2
726,46175
727,46178.8
728,46182.5
729,46186.3
730,46190
731,46193.8
732,46197.5
733,46201.2
734,46204.9
735,46208.5
736,46212.2
737,46215.8
738,46219.5
739,46223.1
740,46226.7
741,46230.3
742,46233.8
743,46237.4
744,46240.9
745,46244.5
746,46248
747,46251.5
748,46255
749,46258.4
750,46261.9
751,46265.3
752,46268.8
753,46272.2
754,46275.6
755,46279
756,46282.4
757,46285.7
758,46289.1
759,46292.4
760,46295.8
761,46299.1
762,46302.4
763,46305.7
764,46308.9
765,46312.2
766,46315.5
767,46318.7
768,46321.9
769,46325.1
770,46328.3
771,46331.5
772,46334.7
773,46337.9
774,46341
775,46344.2
776,46347.3
777,46350.4
778,46353.5
779,46356.6
780,46359.7
781,46362.8
782,46365.9
783,46368.9
784,46371.9
785,46375
786,46378
787,46381
788,46384
789,46387
790,46389.9
791,46392.9
792,46395.9
793,46398.8
794,46401.7
795,46404.6
796,46407.5
797,46410.4
798,46413.3
799,46416.2
800,46419.1
801,46421.9
802,46424.8
803,46427.6
804,46430.4
805,46433.2
806,46436
807,46438.8
808,46441.6
809,46444.4
810,46447.1
811,46449.9
812,46452.6
813,46455.4
814,46458.1
815,46460.8
816,46463.5
817,46466.2
818,46468.9
819,46471.6
820,46474.2
821,46476.9
822,46479.5
823,46482.2
824,46484.8
825,46487.4
826,46490
827,46492.6
828,46495.2
829,46497.8
830,46500.4
831,46502.9
832,46505.5
833,46508
834,46510.6
835,46513.1
836,46515.6
837,46518.1
838,46520.6
839,46523.1
840,46525.6
841,46528.1
842,46530.5
843,46533
844,46535.4
845,46537.9
846,46540.3
847,46542.7
848,46545.1
849,46547.5
850,46549.9
851,46552.3
852,46554.7
853,46557.1
854,46559.5
855,46561.8
856,46564.2
857,46566.5
858,46568.8
859,46571.2
860,46573.5
861,46575.8
862,46578.1
863,46580.4
864,46582.7
865,46584.9
866,46587.2
867,46589.5
868,46591.7
869,46594
870,46596.2
871,46598.5
872,46600.7
873,46602.9
874,46605.1
875,46607.3
876,46609.5
877,46611.7
878,46613.9
879,46616
880,46618.2
881,46620.4
882,46622.5
883,46624.7
884,46626.8
885,46628.9
886,46631.1
887,46633.2
888,46635.3
889,46637.4
890,46639.5
891,46641.6
892,46643.6
893,46645.7
894,46647.8
895,46649.8
896,46651.9
897,46654
898,46656
899,46658
900,46660.1
901,46662.1
902,46664.1
903,46666.1
904,46668.1
905,46670.1
906,46672.1
907,46674.1
908,46676
909,46678
910,46680
911,46681.9
912,46683.9
913,46685.8
914,46687.8
915,46689.7
916,46691.6
917,46693.5
918,46695.4
919,46697.3
920,46699.2
921,46701.1
922,46703
923,46704.9
924,46706.8
925,46708.7
926,46710.5
927,46712.4
928,46714.2
929,46716.1
930,46717.9
931,46719.8
932,46721.6
933,46723.4
934,46725.2
935,46727
936,46728.8
937,46730.6
938,46732.4
939,46734.2
940,46736
941,46737.8
942,46739.6
943,46741.3
944,46743.1
945,46744.8
946,46746.6
947,46748.3
948,46750.1
949,46751.8
950,46753.5
951,46755.3
952,46757
953,46758.7
954,46760.4
955,46762.1
956,46763.8
957,46765.5
958,46767.2
959,46768.9
960,46770.5
961,46772.2
962,46773.9
963,46775.5
964,46777.2
965,46778.8
966,46780.5
967,46782.1
968,46783.8
969,46785.4
970,46787
971,46788.6
972,46790.3
973,46791.9
974,46793.5
975,46795.1
976,46796.7
977,46798.3
978,46799.8
979,46801.4
980,46803
981,46804.6
982,46806.1
983,46807.7
984,46809.3
985,46810.8
986,46812.4
987,46813.9
988,46815.5
989,46817
990,46818.5
991,46820
992,46821.6
993,46823.1
994,46824.6
995,46826.1
996,46827.6
997,46829.1
998,46830.6
999,46832.1
1000,46833.6
1001,46835.1
1002,46836.5
1003,46838
1004,46839.5
1005,46840.9
1006,46842.4
1007,46843.9
1008,46845.3
1009,46846.8
1010,46848.2
1011,46849.6
1012,46851.1
1013,46852.5
1014,46853.9
1015,46855.3
1016,46856.8
1017,46858.2
1018,46859.6
1019,46861
1020,46862.4
1021,46863.8
1022,46865.2
1023,46866.6
1024,46868
1025,46869.3
1026,46870.7
1027,46872.1
1028,46873.5
1029,46874.8
1030,46876.2
1031,46877.5
1032,46878.9
1033,46880.3
1034,46881.6
1035,46882.9
1036,46884.3
1037,46885.6
1038,46886.9
1039,46888.3
1040,46889.6
1041,46890.9
1042,46892.2
1043,46893.5
1044,46894.8
1045,46896.2
1046,46897.5
1047,46898.8
1048,46900
1049,46901.3
1050,46902.6
1051,46903.9
1052,46905.2
1053,46906.5
1054,46907.7
1055,46909
1056,46910.3
1057,46911.5
1058,46912.8
1059,46914
1060,46915.3
1061,46916.5
1062,46917.8
1063,46919
1064,46920.3
1065,46921.5
1066,46922.7
1067,46923.9
1068,46925.2
1069,46926.4
1070,46927.6
1071,46928.8
1072,46930
1073,46931.2
1074,46932.4
1075,46933.6
1076,46934.8
1077,46936
1078,46937.2
1079,46938.4
1080,46939.6
1081,46940.8
1082,46941.9
1083,46943.1
1084,46944.3
1085,46945.5
1086,46946.6
1087,46947.8
1088,46948.9
1089,46950.1
1090,46951.2
1091,46952.4
1092,46953.5
1093,46954.7
1094,46955.8
1095,46957
1096,46958.1
1097,46959.2
1098,46960.3
1099,46961.5
1100,46962.6
1101,46963.7
1102,46964.8
1103,46965.9
1104,46967
1105,46968.1
1106,46969.3
1107,46970.4
1108,46971.4
1109,46972.5
1110,46973.6
1111,46974.7
1112,46975.8
1113,46976.9
1114,46978
1115,46979
1116,46980.1
1117,46981.2
1118,46982.3
1119,46983.3
1120,46984.4
1121,46985.4
1122,46986.5
1123,46987.6
1124,46988.6
1125,46989.7
1126,46990.7
1127,46991.7
1128,46992.8
1129,46993.8
1130,46994.9
1131,46995.9
1132,46996.9
1133,46997.9
1134,46999
1135,47000
1136,47001
1137,47002
1138,47003
1139,47004.1
1140,47005.1
1141,47006.1
1142,47007.1
1143,47008.1
1144,47009.1
1145,47010.1
1146,47011.1
1147,47012
1148,47013
1149,47014
1150,47015
1151,47016
1152,47017
1153,47017.9
1154,47018.9
1155,47019.9
1156,47020.8
1157,47021.8
1158,47022.8
1159,47023.7
1160,47024.7
1161,47025.6
1162,47026.6
1163,47027.5
1164,47028.5
1165,47029.4
1166,47030.4
1167,47031.3
1168,47032.3
1169,47033.2
1170,47034.1
1171,47035.1
1172,47036
1173,47036.9
1174,47037.8
1175,47038.8
1176,47039.7
1177,47040.6
1178,47041.5
1179,47042.4
1180,47043.3
1181,47044.2
1182,47045.2
1183,47046.1
1184,47047
1185,47047.9
1186,47048.8
1187,47049.6
1188,47050.5
1189,47051.4
1190,47052.3
1191,47053.2
1192,47054.1
1193,47055
1194,47055.8
1195,47056.7
1196,47057.6
1197,47058.5
1198,47059.3
1199,47060.2
1200,47061.1
