0
5.07092
174.821
938.428
2703.05
5841.06
10713.8
17679.5
27096.7
39325.7
54727.6
73663.1
96489.4
123554
155188
191689
233314
280266
332682
390628
454100
523023
597260
676618
760860
849715
942890
1.04008e+06
1.14098e+06
1.24529e+06
1.35272e+06
1.46301e+06
1.57592e+06
1.69122e+06
1.80875e+06
1.92835e+06
2.04989e+06
2.17328e+06
2.29846e+06
2.4254e+06
2.55408e+06
2.68452e+06
2.81674e+06
2.95081e+06
3.08678e+06
3.22473e+06
3.36474e+06
3.50691e+06
3.65132e+06
3.79809e+06
3.9473e+06
4.09905e+06
4.25344e+06
4.41055e+06
4.57045e+06
4.73323e+06
4.89895e+06
5.06767e+06
5.23944e+06
5.41428e+06
5.59224e+06
5.77332e+06
5.95755e+06
6.14491e+06
6.3354e+06
6.529e+06
6.72567e+06
6.92539e+06
7.1281e+06
7.33376e+06
7.5423e+06
7.75366e+06
7.96776e+06
8.18453e+06
8.40388e+06
8.62572e+06
8.84996e+06
9.07652e+06
9.30528e+06
9.53614e+06
9.76901e+06
1.00038e+07
1.02403e+07
1.04786e+07
1.07184e+07
1.09597e+07
1.12023e+07
1.14462e+07
1.16913e+07
1.19373e+07
1.21843e+07
1.24322e+07
1.26807e+07
1.29299e+07
1.31796e+07
1.34297e+07
1.36802e+07
1.39309e+07
1.41817e+07
1.44326e+07
1.46835e+07
1.49343e+07
1.51848e+07
1.54351e+07
1.56851e+07
1.59346e+07
1.61836e+07
1.64321e+07
1.668e+07
1.69271e+07
1.71736e+07
1.74192e+07
1.76639e+07
1.79077e+07
1.81506e+07
1.83924e+07
1.86332e+07
1.88729e+07
1.91114e+07
1.93487e+07
1.95848e+07
1.98197e+07
2.00532e+07
2.02854e+07
2.05163e+07
2.07458e+07
2.09738e+07
2.12005e+07
2.14256e+07
2.16493e+07
2.18715e+07
2.20922e+07
2.23113e+07
2.25289e+07
2.27449e+07
2.29594e+07
2.31723e+07
2.33835e+07
2.35932e+07
2.38013e+07
2.40077e+07
2.42125e+07
2.44157e+07
2.46172e+07
2.48172e+07
2.50154e+07
2.52121e+07
2.54071e+07
2.56004e+07
2.57921e+07
2.59822e+07
2.61707e+07
2.63575e+07
2.65427e+07
2.67263e+07
2.69083e+07
2.70886e+07
2.72674e+07
2.74445e+07
2.76201e+07
2.7794e+07
2.79664e+07
2.81372e+07
2.83065e+07
2.84742e+07
2.86404e+07
2.8805e+07
2.89681e+07
2.91297e+07
2.92898e+07
2.94483e+07
2.96054e+07
2.97611e+07
2.99152e+07
3.00679e+07
3.02192e+07
3.0369e+07
3.05174e+07
3.06644e+07
3.081e+07
3.09542e+07
3.1097e+07
3.12385e+07
3.13786e+07
3.15174e+07
3.16548e+07
3.1791e+07
3.19258e+07
3.20593e+07
3.21915e+07
3.23225e+07
3.24522e+07
3.25807e+07
3.27079e+07
3.28339e+07
3.29587e+07
3.30823e+07
3.32047e+07
3.33259e+07
3.34459e+07
3.35648e+07
3.36826e+07
3.37992e+07
3.39147e+07
3.40291e+07
3.41424e+07
3.42546e+07
3.43657e+07
3.44758e+07
3.45848e+07
3.46928e+07
3.47997e+07
3.49056e+07
3.50105e+07
3.51144e+07
3.52173e+07
3.53192e+07
3.54201e+07
3.55201e+07
3.56192e+07
3.57173e+07
3.58145e+07
3.59107e+07
3.6006e+07
3.61005e+07
3.6194e+07
3.62867e+07
3.63785e+07
3.64694e+07
3.65595e+07
3.66487e+07
3.67371e+07
3.68247e+07
3.69114e+07
3.69974e+07
3.70825e+07
3.71669e+07
3.72504e+07
3.73332e+07
3.74152e+07
3.74965e+07
3.7577e+07
3.76568e+07
3.77358e+07
3.78142e+07
3.78918e+07
3.79686e+07
3.80448e+07
3.81203e+07
3.81951e+07
3.82692e+07
3.83427e+07
3.84155e+07
3.84876e+07
3.85591e+07
3.86299e+07
3.87001e+07
3.87696e+07
3.88386e+07
3.89069e+07
3.89746e+07
3.90417e+07
3.91082e+07
3.91741e+07
3.92394e+07
3.93042e+07
3.93684e+07
3.9432e+07
3.9495e+07
3.95575e+07
3.96195e+07
3.96809e+07
3.97418e+07
3.98021e+07
3.98619e+07
3.99212e+07
3.998e+07
4.00383e+07
4.0096e+07
4.01533e+07
4.02101e+07
4.02664e+07
4.03222e+07
4.03775e+07
4.04324e+07
4.04868e+07
4.05407e+07
4.05942e+07
4.06472e+07
4.06998e+07
4.07519e+07
4.08036e+07
4.08548e+07
4.09057e+07
4.09561e+07
4.1006e+07
4.10556e+07
4.11048e+07
4.11535e+07
4.12018e+07
4.12498e+07
4.12973e+07
4.13445e+07
4.13912e+07
4.14376e+07
4.14836e+07
4.15292e+07
4.15745e+07
4.16194e+07
4.16639e+07
4.17081e+07
4.17519e+07
4.17953e+07
4.18384e+07
4.18812e+07
4.19236e+07
4.19657e+07
4.20074e+07
4.20488e+07
4.20899e+07
4.21306e+07
4.21711e+07
4.22112e+07
4.2251e+07
4.22905e+07
4.23296e+07
4.23685e+07
4.2407e+07
4.24453e+07
4.24833e+07
4.25209e+07
4.25583e+07
4.25954e+07
4.26322e+07
4.26687e+07
4.27049e+07
4.27409e+07
4.27766e+07
4.2812e+07
4.28471e+07
4.2882e+07
4.29166e+07
4.29509e+07
4.2985e+07
4.30188e+07
4.30524e+07
4.30857e+07
4.31188e+07
4.31516e+07
4.31842e+07
4.32165e+07
4.32486e+07
4.32804e+07
4.33121e+07
4.33434e+07
4.33746e+07
4.34055e+07
4.34362e+07
4.34667e+07
4.34969e+07
4.3527e+07
4.35568e+07
4.35863e+07
4.36157e+07
4.36449e+07
4.36738e+07
4.37026e+07
4.37311e+07
4.37594e+07
4.37876e+07
4.38155e+07
4.38432e+07
4.38707e+07
4.38981e+07
4.39252e+07
4.39522e+07
4.39789e+07
4.40055e+07
4.40319e+07
4.40581e+07
4.40841e+07
4.41099e+07
4.41355e+07
4.4161e+07
4.41863e+07
4.42114e+07
4.42364e+07
4.42611e+07
4.42857e+07
4.43101e+07
4.43344e+07
4.43585e+07
4.43824e+07
4.44062e+07
4.44298e+07
4.44532e+07
4.44765e+07
4.44996e+07
4.45226e+07
4.45454e+07
4.45681e+07
4.45906e+07
4.46129e+07
4.46352e+07
4.46572e+07
4.46791e+07
4.47009e+07
4.47225e+07
4.4744e+07
4.47653e+07
4.47865e+07
4.48076e+07
4.48285e+07
4.48492e+07
4.48699e+07
4.48904e+07
4.49108e+07
4.4931e+07
4.49511e+07
4.49711e+07
4.49909e+07
4.50106e+07
4.50302e+07
4.50497e+07
4.5069e+07
4.50882e+07
4.51073e+07
4.51263e+07
4.51451e+07
4.51639e+07
4.51825e+07
4.5201e+07
4.52193e+07
4.52376e+07
4.52557e+07
4.52738e+07
4.52917e+07
4.53095e+07
4.53272e+07
4.53448e+07
4.53622e+07
4.53796e+07
4.53968e+07
4.5414e+07
4.5431e+07
4.54479e+07
4.54648e+07
4.54815e+07
4.54981e+07
4.55146e+07
4.55311e+07
4.55474e+07
4.55636e+07
4.55797e+07
4.55957e+07
4.56117e+07
4.56275e+07
4.56432e+07
4.56589e+07
4.56744e+07
4.56898e+07
4.57052e+07
4.57205e+07
4.57356e+07
4.57507e+07
4.57657e+07
4.57806e+07
4.57954e+07
4.58102e+07
4.58248e+07
4.58393e+07
4.58538e+07
4.58682e+07
4.58825e+07
4.58967e+07
4.59108e+07
4.59249e+07
4.59388e+07
4.59527e+07
4.59665e+07
4.59803e+07
4.59939e+07
4.60075e+07
4.6021e+07
4.60344e+07
4.60477e+07
4.60609e+07
4.60741e+07
4.60872e+07
4.61003e+07
4.61132e+07
4.61261e+07
4.61389e+07
4.61516e+07
4.61643e+07
4.61769e+07
4.61894e+07
4.62019e+07
4.62142e+07
4.62265e+07
4.62388e+07
4.6251e+07
4.62631e+07
4.62751e+07
4.62871e+07
4.6299e+07
4.63108e+07
4.63226e+07
4.63343e+07
4.63459e+07
4.63575e+07
4.6369e+07
4.63805e+07
4.63919e+07
4.64032e+07
4.64144e+07
4.64256e+07
4.64368e+07
4.64479e+07
4.64589e+07
4.64699e+07
4.64808e+07
4.64916e+07
4.65024e+07
4.65131e+07
4.65238e+07
4.65344e+07
4.65449e+07
4.65554e+07
4.65659e+07
4.65763e+07
4.65866e+07
4.65969e+07
4.66071e+07
4.66173e+07
4.66274e+07
4.66374e+07
4.66474e+07
4.66574e+07
4.66673e+07
4.66772e+07
4.6687e+07
4.66967e+07
4.67064e+07
4.6716e+07
4.67256e+07
4.67352e+07
4.67447e+07
4.67541e+07
4.67635e+07
4.67729e+07
4.67822e+07
4.67914e+07
4.68007e+07
4.68098e+07
4.68189e+07
4.6828e+07
4.6837e+07
4.6846e+07
4.68549e+07
4.68638e+07
4.68726e+07
4.68814e+07
4.68902e+07
4.68989e+07
4.69075e+07
4.69162e+07
4.69247e+07
4.69333e+07
4.69418e+07
4.69502e+07
4.69586e+07
4.6967e+07
4.69753e+07
4.69836e+07
4.69918e+07
4.7e+07
4.70082e+07
4.70163e+07
4.70244e+07
4.70324e+07
4.70404e+07
4.70484e+07
4.70563e+07
4.70642e+07
4.7072e+07
4.70798e+07
4.70876e+07
4.70953e+07
4.7103e+07
4.71107e+07
4.71183e+07
4.71259e+07
4.71334e+07
4.71409e+07
4.71484e+07
4.71558e+07
4.71632e+07
4.71706e+07
4.71779e+07
4.71852e+07
